116621
214870
234442
242563
510466
671064
708266
827243
1086166
1159926
1247068
1520299
1827181
2016676
2034313
2082921
2168957
2189614
2393537
2419223
2450334
2546639
2807954
2899276
2923770
3016595
3037584
3066417
3154238
3260048
3299470
3342775
3345635
3789719
3802219
3861292
3892949
4076038
4163717
4460712
4629457
4646567
4948956
4963325
5118067
5138926
5206170
5219351
5260972
5399519
5590506
5605017
5633959
5651552
5728999
5943268
6165357
6271408
6279185
6517526
6770847
6800290
6857555
6865897
6983219
7001088
7082210
7243264
7262268
7509118
7528852
7706129
7741802
7866326
8101756
8274306
8281766
8548490
8612268
8676791
8696509
8779947
8863128
8906505
9053666
9402070
9488979
9551106
9616701
9871987
9922851
9945493
9985859
10037921
10073199
10081960
10249186
10264207
10308286
10456067
10512971
10550941
10596049
10605845
10773640
10802184
10962000
11227211
11462233
11549939
11642294
11702108
11728784
11734054
11828018
11959284
12060873
12091671
12264027
12267402
12282741
12312097
12369569
12497126
12601609
12696015
13004533
13331097
13409387
13502507
13537892
13544495
13576856
13632861
13791469
13843931
14148825
14221672
14274943
14390205
14421677
14540353
14787450
15110066
15358264
15420985
15534904
15684838
15744059
15789895
15967463
16094230
16125692
16306939
16448683
16588305
16599382
16630813
16743404
16757729
17053869
17067188
17076787
17131909
17217175
17302548
17326231
17536184
17903748
18033875
18111362
18236767
18248083
18256528
18411164
18582353
18851960
19107020
19203544
19383063
19446554
19501436
19544020
19647159
19759809
20247352
20251809
20398985
21100902
21132347
21146014
21241250
21292603
21325585
21349384
21364595
21491181
21524853
21734638
21767688
21885440
22129781
22603731
22728161
22952446
22991186
23129341
23141426
23150002
23176523
23385845
23454332
23558144
23622074
24144098
24144639
24282389
24533911
24731597
24744479
24791010
24900989
24914707
24990992
24991144
25004888
25028854
25058371
25165726
25736186
25751248
25936793
26015445
26022376
26117952
26240994
26245844
26246057
26294439
26338537
26878927
26880333
27012394
27075601
27081290
27152810
27315507
27321034
27605201
27677255
27702038
27747580
28119673
28201899
28211100
28252556
28347414
28399342
28549648
28629777
28666160
28751124
28875618
28939895
29246496
29449642
29463091
29489011
29495391
29742367
29763595
29814660
29826892
29952275
29956486
30027687
30043721
30070150
30133740
30211114
30228839
30237643
30329182
30366308
30431274
30438472
30524862
30607440
30608397
30752716
30858493
30929739
31169596
31373474
31384530
31424203
31432137
31489412
31584092
31610494
31631834
31726223
31792686
31875521
31931366
31991995
32011768
32026832
32093754
32128135
32249142
32511633
32613862
32693455
32750402
32823840
32891205
32915196
33114593
33119131
33160047
33300376
33319816
33430672
33694909
33700218
33823852
33882766
34001719
34021035
34104744
34401596
34420386
34478167
34628618
34712367
34742645
34848852
34871706
34874101
35027747
35106469
35372023
35482095
35508313
35648404
35733522
35873100
35875149
35980923
36161516
36235314
36297864
36340757
36465840
36525784
36552202
36565961
36596732
36737491
36929453
37042042
37091004
37299484
37527240
37532849
37724618
37822055
37977029
38008197
38229093
38293215
38351367
38511508
38691606
38701435
38784549
38797850
38837381
38946902
39053146
39376207
39519611
39549077
39669032
39749148
39911213
40099522
40199065
40321214
40324460
40445203
40496129
40597406
40837946
40884739
40920501
41059907
41096828
41105416
41118897
41120905
41415186
41495077
41555130
41762808
41809331
41823888
42021729
42022394
42076779
42104368
42128868
42158546
42190776
42193757
42298694
42384957
42623108
42698487
42720432
42791177
42920032
43434894
43442131
43522343
43537048
43641867
43718219
43821288
44021518
44037096
44135133
44149036
44152522
44160065
44192301
44856458
45064879
45088596
45105342
45206964
45422520
45458352
45641272
45718732
45729327
45782043
46027576
46398748
46853543
46861997
46869601
47134363
47148228
47173064
47235200
47291032
47301676
47390117
47398009
47400944
47489215
47582705
47630513
47649827
47672565
47701398
47831768
47973549
48116445
48178224
48199012
48306084
48463474
48656812
48662298
48999465
49035667
49069487
49073338
49130435
49225068
49258640
49495412
49554504
49622544
49699649
49727314
49738999
49957622
50032208
50041154
50112165
50121100
50178308
50394830
50453403
50541545
50546430
50591783
50829376
50861134
51053426
51105763
51127538
51150992
51190820
51257121
51372790
51668099
51678324
51679524
51718797
51865285
51912598
52161385
52220122
52349400
52353471
52380869
52500869
52512307
52629522
52698058
52710745
52766407
53014724
53099433
53326618
53343134
53388095
53412699
53419769
53469069
53513559
53667330
53818829
53911818
54152398
54655086
54715013
54883572
55089327
55399056
55433772
55625130
55631959
55701377
55826108
55901072
55993758
56498497
56558695
56577302
56725850
56802399
56811420
56821482
56971469
57080733
57106726
57249350
57388156
57404194
57456361
57573192
57624014
57763457
57780253
57831557
58017876
58075980
58164603
58183990
58274921
58336440
58469156
58471578
58512079
58671467
59041656
59080917
59128069
59233946
59250073
59370824
59443625
59476964
59592863
59629705
59759662
59762866
60186254
60248354
60257426
60390669
60565368
60673722
60791798
60806234
60998688
61017090
61023732
61033972
61400009
61548308
61648227
61702187
61884598
61938399
61970345
62030396
62056961
62059740
62081860
62145586
62145745
62200415
62296474
62605588
62627905
62744619
62874839
62931060
63050032
63176777
63234245
63343962
63370651
63402358
63465454
63472323
63543567
63589142
63663279
63793439
63906734
63962000
64140442
64273125
64424041
64517542
64626219
64628524
64785491
64869664
64935653
64938963
65025153
65060388
65270151
65323296
65383138
65400749
65472526
65529266
66026291
66067963
66069108
66213603
66313483
66338816
66582101
66585163
66869704
67070671
67139733
67223709
67306567
67408018
67409658
67467998
67555152
68030227
68059305
68144710
68411189
68546174
68633890
68640227
68664852
68682124
68701489
68839673
69078306
69196180
69285790
69340694
69579373
69739112
69822575
69822771
69915844
69926939
70255198
70318415
70691856
70715317
70740722
70963679
70970221
71028649
71117908
71120250
71176987
71205352
71568350
71671383
71675974
71734238
71788966
72215219
72256446
72260365
72439430
72558763
72606179
72634615
72800788
72872937
73011833
73164627
73329091
73657566
73691920
73711560
73716061
73786115
73786476
73833415
73871002
74113482
74291558
74368689
74591972
74649882
74663606
74928627
74965396
75056163
75067373
75460791
75563040
75593279
75759686
75829346
75854998
75883162
75888038
76173138
76189095
76233311
76690124
76789894
76893499
76902478
77357602
77439953
77452041
77631552
77694038
77698409
77749815
77769671
77778313
77788535
77797202
78028020
78173678
78368860
78789031
78813271
78997994
79225108
79281481
79365073
79411311
79427899
79756804
79849309
79962443
79999066
80142124
80338869
80349004
80561272
80587838
80661809
80992922
81140708
81144087
81210350
81215526
81314918
81448347
81499732
81540470
81549145
81779514
81963440
81983654
82037536
82058437
82258648
82314214
82446783
82622323
82692068
82701289
82759723
82899163
82935241
82964244
83071931
83112982
83157872
83357118
83399624
83666527
83666868
83942186
84176079
84215182
84239102
84556883
84666880
84757423
84899671
85017625
85178203
85196359
85203817
85315282
85358420
85529563
85567368
85659393
85758502
85758735
85878484
85942598
86024686
86081040
86152973
86170174
86197772
86197862
86244815
86646112
86716262
86761970
86891729
86945374
87099126
87111671
87187263
87430891
87582526
87584663
87797882
87829920
87861350
87997285
88087439
88331844
88392765
88408426
88509174
88843618
88861679
88867723
88883034
88913066
88927285
88947943
89014710
89097949
89315271
89426323
89519252
89561299
89589884
89689475
89952046
90179017
90374108
90498922
90537982
90618300
90691786
90809425
90888460
90913560
90957581
91084869
91096644
91131831
91235880
91281402
91430267
91446486
91470862
91522054
91619576
91620486
91636753
91730685
91979945
92100980
92110164
92193658
92204858
92243709
92533174
92561292
92578670
92584715
92603427
92645205
92777432
92895772
92935757
92956405
93044279
93046746
93151222
93444825
93600265
93710628
93949945
94059291
94124109
94145845
94173805
94432580
94550331
94600756
94779033
95730949
95744792
95785967
95849382
95854245
95933469
96034246
96191563
96253270
96269841
96279244
96590051
96600781
96655680
96766639
96908852
96911173
97171044
97367197
97424658
97480861
97544849
97640396
97711424
97717798
97822876
98037914
98136037
98164712
98230734
98283673
98761835
98769483
98995798
99002294
99014433
99180084
99229525
99341745
99497933
99509640
99556305
99581776
99601616
99609744
99753951
99805093
99901321
100072686
100415616
100504512
100530532
100561686
100593696
100763918
100944109
101057000
101181464
101221589
101310416
101317993
101466215
101650146
101760662
101849248
102226589
102242110
102306853
102411689
102485512
102740714
102810829
102875096
102988308
103005192
103016065
103141416
103194532
103219514
103290295
103326488
103379578
103420907
103475632
103535970
103553612
103674686
103713760
103842529
103932111
104016490
104231802
104232582
104247929
104673142
104731683
104774785
105120587
105277402
105346066
105398110
105511639
105656635
105717784
105763099
106128835
106156022
106185059
106259255
106265432
106290508
106308486
106321029
106365187
106555262
106586257
106683885
106699988
107038991
107070686
107238655
107244806
107266121
107368052
107503192
107534586
107834358
107884716
107918359
108249544
108812074
108821891
109013136
109158861
109318814
109391705
109410994
109530510
109689065
109729099
109797719
109890503
109954710
110028472
110110325
110147845
110161752
110176227
110283365
110410041
110445639
110532884
110635171
110811286
110891425
110916827
111109685
111154952
111242926
111270276
111398372
111465475
111510624
111778337
112006735
112023798
112236992
112428106
112432928
112484515
112807655
112917035
112939456
113067994
113159360
113361258
113386275
113518594
113547786
113563909
113873352
113881499
113906567
113945877
114036855
114040234
114095554
114113985
114189395
114235765
114557491
114838367
114927354
115005338
115160215
115179986
115289257
115386854
115553137
115578447
115634395
115650582
115699772
115754036
115999204
116117310
116133020
116135152
116201743
116288402
116369287
116415367
116475478
116598460
116708863
116725098
116806424
116944739
117124837
117140467
117164463
117398508
117514854
117563760
117629721
117751708
118148161
118157667
118478209
118647798
118724408
118859229
118860607
118940736
119056080
119160201
119492905
119562137
119729550
119815825
119876178
119920503
120139535
120140374
120222261
120230645
120445173
120453934
120620571
120656934
120722660
120976267
121214371
121596361
121612182
121777189
121789630
121824244
122054338
122096744
122129970
122145305
122146148
122233513
122444540
122451906
122598611
122675542
122757200
122804149
122877170
122988245
123043922
123085786
123319389
123614633
123694172
123778814
124067424
124086799
124121754
124210021
124246019
124321480
124373560
124503795
124588361
124677541
124682140
124954270
125041308
125611371
125664252
125760694
125939302
126131777
126214821
126268366
126311808
126464253
126484014
126605395
126612696
126648341
126666507
126697043
126727171
126858562
126875815
127009212
127027456
127079183
127239097
127427138
127585723
127736344
127828759
127961520
127973956
127993264
127994044
128243868
128260589
128323325
128560479
128583367
128605896
128678670
128843691
128911958
128989312
128999830
129070218
129214578
129274640
129443220
129504534
129621817
129640386
129741229
129875376
129886831
130020477
130034303
130045901
130361757
130494481
130509483
130752933
130863544
130869004
130885773
130992004
131040521
131098312
131164190
131298242
131530473
131578384
131618289
131786576
131857537
132146255
132155238
132184006
132410295
132924756
133036279
133256383
133295925
133515799
133601753
133790865
133840008
133854647
134029979
134248673
134270965
134334286
134348167
134362698
134487723
134712639
135218850
135365428
135365548
135408794
135702375
135777208
135801008
135852354
136112676
136187893
136449782
136936882
137090142
137208518
137231886
137232439
137404569
137513285
137520570
137723305
137734259
137770599
137781899
137876275
137968026
138001376
138180718
138200703
138404161
138414853
138542548
138837346
138988983
139402961
139440769
139448892
139517629
139787434
139902064
139937289
139976320
140032372
140234195
140292217
140462075
140539314
140659601
140681110
140879361
141347295
141355959
141481375
141556237
141743142
141774961
141943730
141947375
141954296
142040315
142206205
142397687
142471748
142484837
142571966
142671149
142733284
142781267
143036645
143044312
143147921
143343004
143379087
143544681
143640598
143814895
143975759
144022095
144054934
144157275
144221333
144227721
144293917
144308348
144443998
144462978
144677810
144680019
144746529
144953583
144994495
145076916
145360290
145418593
145420934
145455521
145553444
145774902
145878027
146202299
146439931
146484962
146522029
146524263
146601256
146624864
146710642
146948277
147063067
147218636
147465924
147497991
147857630
147887859
147913758
147970409
148004145
148137374
148187069
148221477
148251765
148281842
148310986
148312986
148313092
148387101
148396652
148502046
148507890
148533178
148641736
148694292
148707621
148744160
148887070
149169276
149376761
149401202
149445837
149535514
149675295
149794753
149920179
149984795
150093619
150528524
150667488
150700871
150844782
150888717
151052863
151096849
151177680
151257708
151504339
151511205
151631789
151686832
151836654
151866813
151961066
152034568
152147105
152217748
152472276
152578980
152671766
153032744
153104267
153146239
153257084
153644813
153838692
154007949
154116295
154126318
154149609
154324293
154325186
154508061
154780539
154941849
155000705
155145778
155288527
155544383
155736933
155751091
155830206
155914216
155932046
156163494
156274779
156289822
156392125
156445345
156561918
156585896
156643846
156707068
157056141
157069926
157146717
157344306
157371937
157375347
157455820
157706653
157753760
157755206
157839210
157847655
157874252
157999014
158001556
158126498
158388366
158404606
158413343
158431343
158572062
158584416
158610801
158623694
158661980
158729511
158933243
158984607
159035760
159251151
159251164
159282903
159313796
159512210
159537044
159729574
159741546
159804039
160050113
160106775
160197338
160225765
160298830
160326589
160410874
160568719
160637443
160652359
160664998
160678384
160704482
160975796
161087837
161091853
161264371
161388052
161439577
161619221
161645310
161684146
161824320
161826158
162080335
162267328
162291141
162413313
162416366
162574925
162826967
162845268
162906960
162940052
162957473
163039359
163095055
163182999
163403166
163428531
163498127
163530185
163836608
163896959
163908014
163910177
164089558
164106565
164217708
164547819
164600060
164640829
164718223
164832317
165054615
165188144
165366564
165606541
165624672
165719972
165731332
165807984
165862790
166040427
166048295
166498881
166588036
166614951
166631628
166678776
166698328
166715188
166764407
166859067
166897951
167006808
167101791
167265482
167396568
167558665
167585407
167637911
167842209
167873791
167939415
167949630
168079161
168335722
168426095
168508005
168658459
168732930
168800347
168906433
169071808
169223367
169287809
169458835
169672654
169733961
169860848
169861477
169867706
169896283
169938658
169980752
170275751
170628359
170826983
170857924
170867408
170984685
171152154
171223758
171253181
171257505
171394823
171673059
171702071
171711405
171743948
171792945
171832802
172026579
172112953
172155365
172323374
172479830
172507763
172628277
172795185
172860855
172884354
172906651
172956221
172999141
173007720
173069326
173194554
173251567
173261003
173287322
173371250
173468741
173584343
173666429
173702652
173726416
173903456
173915596
173998772
174090377
174234220
174295981
174573018
174607145
174659986
174731348
174861844
174887014
174991891
175022445
175037182
175093663
175152682
175199526
175413446
175420364
175446866
175529995
175538139
175579338
175766679
175791289
175804280
175867815
176021386
176294186
176317750
176323243
176363299
176384135
176396197
176627521
176832040
177091989
177175751
177221685
177225916
177490340
177505711
177769609
177777022
177947960
177990482
178201316
178203412
178324425
178469908
178813201
178830134
178896891
178937900
179004988
179111121
179147148
179346188
179354546
179398119
179411173
179552401
179594448
179729993
179870088
180042125
180140994
180305060
180557172
180714211
181072140
181116651
181315445
181524031
181580657
181655649
181785883
181795578
181888766
181893804
181898795
181925185
181963865
182034011
182226001
182294245
182301643
182302079
182356527
182410664
182451194
182479898
182616271
182729337
182756826
182834618
182909335
182938100
183327921
183350950
183407216
183454905
183458900
183505784
183535305
183722212
183728214
183850926
184151815
184199620
184274459
184405137
184726574
184832292
184880072
184908742
185037864
185195488
185270451
185502408
185818245
185940599
186217588
186596481
186615364
187079332
187370999
187667416
187772356
187879368
188036561
188141646
188188842
188269817
188315889
188368812
188629709
188740001
188762001
188932049
188954482
189082495
189279787
189448683
189725153
189808381
189814038
190049020
190083523
190097749
190248115
190259333
190264260
190269835
190508769
190656438
190671056
190695703
190782577
190794341
190839748
190902993
190975498
190984911
191010800
191101765
191103997
191132178
191225515
191331846
191516341
191615255
191751914
191780934
191817729
191887732
192056309
192213707
192214175
192276321
192310129
192358985
192784837
192809933
192960843
193233716
193312626
193403054
193460406
193467647
193493082
193509802
193692048
193698568
193778490
193844093
194008025
194110033
194121198
194150638
194235909
194241640
194431084
194570492
194728060
194758807
194767054
194805115
194824755
194829889
195215979
195280027
195323743
195349741
195513074
195536747
195561519
195588288
195628540
195633512
195721282
195762135
195806909
196142270
196149126
196246396
196404230
196404436
196605212
196620620
197068990
197074545
197081771
197157087
197322354
197326704
197405144
197427997
197677115
197687852
197703190
197749247
197766421
197770667
197774923
197786206
197911706
198099302
198204898
198225271
198236876
198367685
198381198
198526603
198696371
198711847
198746820
198852081
198920678
198938612
198975318
199103463
199143955
199710092
199785360
199786796
199800413
199822084
199853613
200069092
200304492
200511769
200702130
200716952
200812552
200900815
201049098
201123122
201289557
201636770
201648844
201847367
201851391
202027741
202108673
202122036
202227781
202435526
202803759
202804123
202906811
202985177
203016434
203038852
203047012
203143864
203216287
203296122
203339404
203537587
203567084
203677782
203851135
203886507
204143097
204202494
204248389
204540128
204635569
204808744
204860826
205026880
205230069
205344850
205507202
205572926
205720837
205758289
205822195
205826533
205844363
205984194
206088428
206221581
206225072
206237031
206315840
206332050
206470016
206527970
206563573
206605440
206606254
206761828
207177292
207187486
207239005
207324098
207394869
207512311
207529314
207772854
207836351
208010102
208074485
208413428
208519915
208522206
208544397
208581858
208684818
208745842
208798157
208911796
209012508
209039653
209115808
209133310
209185222
209484313
209597995
209673053
209728731
209894391
209897534
209971951
210049742
210291782
210508604
210874463
211059030
211124405
211953913
211993094
212020108
212159210
212217115
212386313
212414794
212440111
212539930
212591294
212600297
212804914
213188102
213282089
213537818
213576676
213625962
213627402
213676584
213683577
213786303
213990089
214045077
214156418
214167468
214246577
214414220
214480411
214611569
214698875
214746399
215300788
215349227
215710255
215825931
215964033
216122875
216161965
216553836
216736452
216752217
216898198
217241740
217256138
217269520
217291702
217368438
217462562
217586137
217592639
217903106
218080042
218171762
218445192
218482163
218636136
218662687
218711736
218823237
218841865
218922823
219109022
219110611
219207685
219221296
219273823
219476529
219595039
219750947
219756445
219801637
220059378
220143694
220191582
220682955
220798642
220827902
220926465
221093614
221120106
221123087
221470747
221475304
221676564
221758296
221771946
221812196
221996117
222096951
222127489
222143559
222165954
222313151
222453660
222481689
222653683
222688041
222715700
222975431
223042801
223046173
223057403
223132671
223215263
223229901
223278557
223411103
223538003
223732175
223821965
223842049
223915106
224093792
224297311
224597452
224782061
224827603
224873584
225158214
225265627
225332389
225346300
225367326
225373828
225682520
225686462
225700143
225744225
225768003
225837382
225849484
225851428
225856250
225943239
226084832
226166483
226361972
226364389
226381116
226529640
226559418
226646493
226751174
226870970
227040798
227302337
227307102
227451901
227577310
227577549
227773596
227884155
227951760
227998957
228153469
228195156
228277217
228328566
228400104
228640131
228737220
228750268
228851168
228996406
229023882
229240362
229262484
229309779
229485866
229497808
229691403
229873753
230045409
230047182
230203032
230223980
230255800
230460470
230505113
230539830
230764906
230818482
230904232
231224899
231271168
231308020
231320969
231489217
231743537
231874924
231915252
231946558
231972185
231998454
232350504
232666639
232684397
232736579
232743635
232826227
232858213
232864993
232925854
232951474
232985643
233163600
233204180
233333643
233359089
233431323
233495332
233549862
233635975
233831135
234025652
234127275
234161456
234168985
234263218
234267612
234270051
234478737
234484138
234620117
234625033
234669539
234762659
234838244
234902993
234960274
234967782
235275104
235413364
235541756
235551643
235813943
236018087
236274050
236295669
236319508
236480275
236840373
236850679
236952056
237033909
237103759
237157856
237394794
237437061
237479460
237497985
237622447
237703421
237761891
238179907
238250055
238299457
238449334
238687743
238832606
239078984
239167586
239180614
239185131
239333580
239415230
239435891
239817937
239873132
239968151
240181343
240187412
240332861
240724279
240758599
240764432
240822435
240826061
241137257
241154282
241154364
241187284
241207827
241317625
241862251
242236657
242336391
242338046
242376842
242559844
242622998
243000026
243005944
243121754
243315803
243495211
243616155
243692011
243884454
243981174
244126068
244247805
244479284
244597394
244626617
244694154
245026661
245079821
245329676
245527157
245528194
245545554
245560878
245572408
245713831
245877424
245920280
245924742
245977919
246148944
246470171
246472137
246582063
246668357
246731082
246786069
246853991
246864409
246898297
246961978
246994386
247183451
247205926
247256343
247944074
247981211
248017334
248071988
248190422
248301259
248642848
248869093
249070944
249094002
249270824
249422395
249510807
249527930
249614911
249662982
249743297
249798815
250461135
250470319
250511982
250527159
250586546
250592721
250640510
250816069
250877775
250896922
251107221
251270053
251444153
251734138
251996911
252085617
252477377
252634078
252764528
252819440
252916155
252925336
252986093
253028009
253358923
253476963
253478767
253481986
253545536
253886424
253959276
254052353
254102291
254283418
254434094
254906993
254964611
255000543
255014287
255167069
255281835
255895719
256015989
256138698
256160032
256399261
256693492
256831819
256956614
257074958
257078452
257201075
257360021
257362389
257460656
257505932
257662593
257714018
257880449
257888286
258150449
258203471
258408169
258753615
258910839
258919705
258945117
259172289
259280803
259296121
259356731
259682229
259850428
260113537
260704107
260739785
260862061
260946724
261051251
261172546
261241945
261269704
261356410
261400373
261415792
261574822
261800131
262051998
262120908
262140861
262155112
262316988
262566119
262611015
262629861
262660911
262740900
262741109
262844233
262921553
263047483
263195198
263237019
263452151
263492969
263639774
263669890
263932884
264015072
264133584
264355576
264481118
264602739
264648025
264658737
264888744
265007327
265051395
265076629
265118570
265214652
265226476
265568355
265665363
265826945
265923807
265926418
266097261
266114273
266159547
266258623
266335630
266365672
266458689
266488440
266496479
266502884
266530957
266636771
266682961
266713845
266735006
266757777
266853445
266930282
267077961
267170382
267278351
267369991
267501836
267667952
268115280
268126288
268155069
268174728
268315868
268828110
268904789
268912206
269053714
269057279
269145169
269158766
269178045
269247819
269293721
269370300
269524566
269968295
269989015
270050293
270322997
270416042
270918168
270920063
270931201
270997216
271012463
271131137
271198772
271203869
271269861
271538260
271639749
271721064
271769815
272106154
272133100
272133618
272237245
272850418
272892631
273054341
273255885
273260954
273263946
273303209
273375551
273676320
273793670
274130415
274186536
274228411
274315137
274352254
274415469
274515937
274561944
274630838
274639278
274734970
274831369
274868323
274988710
275054454
275153718
275294138
275458375
275578924
275796294
275810756
275971199
276092512
276117367
276150234
276327638
276577086
276780843
276792546
276968956
277038313
277374004
277439275
277449515
277523135
277549945
277570154
277748661
277873253
277881504
277912616
277937874
278027927
278163941
278369451
278372291
278653765
278666238
278789499
279020927
279175273
279288197
279361041
279532166
279605383
279645308
279677608
279687898
279719914
279764631
279849386
279881516
280246566
280427464
280458726
280545026
280571444
280731693
280781391
280898849
281018739
281486857
281547618
281658118
281741509
281762923
281860489
281898564
281992765
282090214
282159456
282169521
282487467
282517216
282784060
283227044
283303893
283326357
283326901
283358893
283546271
283652372
283684428
283788152
283870789
283959108
284000844
284113369
284128403
284147783
284327850
284374699
284375790
284420306
284449916
284574911
284661250
284809641
285039724
285188936
285244112
285246478
285274919
285391750
285715358
285767779
285928511
286064502
286151932
286956313
287115612
287190793
287198419
287233370
287242585
287636418
287644439
287686125
287793167
287959217
288004978
288174199
288181854
288262907
288392136
288452535
288460669
288845461
288987109
289089644
289310931
289378306
289392829
289396283
289509460
289562113
289671600
289702223
289883602
289918682
289944199
290020177
290103654
290157619
290369939
290376285
290447431
290454767
290553811
290565637
290571692
290605738
290695058
290780887
290825206
291258563
291274962
291363135
291399215
291561069
291591143
291676262
291829613
291892944
291931304
291944618
291953894
292032751
292318637
292378642
292405562
292558231
292638727
292720487
292766945
292879719
293004923
293187743
293205947
293213962
293272443
293585660
293662998
293689313
293724608
293940690
294146620
294272379
294309053
294385790
294480411
294639923
294707038
294842093
294875660
295379883
295453938
295618134
295737934
295750704
295800633
295988062
296200782
296212052
296235327
296241149
296251821
296425976
296429561
296464448
296548604
296634781
296926708
296971595
297055403
297160564
297187968
297216799
297236361
297500286
297564625
298067363
298143789
298227706
298236781
298385159
298561891
298646888
298673139
298764846
298999238
299049023
299200586
299213212
299232185
299322123
299437131
299439819
299499983
299730057
299942872
300019594
300244566
300881579
301059071
301108839
301318055
301636470
301678173
301683720
301843814
301886664
301946265
302026889
302170701
302280006
302295477
302355822
302558875
302593991
302628560
303386889
303659738
303785595
303795399
303949417
304029335
304192032
304267959
304344342
304353527
304359455
304359810
304448182
304605951
304801699
304931928
305093220
305240827
305274984
305292441
305307576
305735335
305749250
305795533
305798559
305841104
306092369
306209211
306242802
306527919
306542067
306565702
306616300
306677093
306687023
306752649
306796037
307010313
307109740
307192793
307198429
307335444
307362965
307376957
307395347
307447365
307585284
307657705
307732510
307965835
308017537
308311716
308608167
308864613
308994429
309054615
309554207
309704024
309796768
309897694
310018084
310154211
310200126
310241757
310659941
310688527
310739548
310778216
310834099
310894136
311234036
311243762
311393984
311487436
311529834
311591993
311632333
311760692
311800763
311880880
311977556
312070231
312107366
312247590
312384616
312396712
312525302
312525545
312533589
312584133
312645721
312745161
312806686
312882068
312929486
313135856
313301515
313685661
313815704
313871840
313876161
313892200
313915624
314141789
314371528
314545510
315415642
315508136
315611706
315639671
315786942
315815152
316081408
316121523
316203204
316375481
316532531
316548768
316559250
316645305
316747963
316864854
316895087
316960591
317069580
317102160
317162213
317163706
317236336
317381018
317396208
317536600
317854416
317858009
317870979
317880681
317948925
318078975
318108247
318152969
318300483
318945060
318952170
319279738
319446712
319641097
319729129
319898972
320477820
320511737
320595315
321016202
321072658
321115473
321276963
321327072
321399246
321500831
321713745
321796404
321809242
322015916
322141929
322178207
322289439
322365668
322502735
322655558
322670048
322694199
322767375
322897359
323003277
323098022
323192688
323647932
323699785
323854988
323995264
324305402
324346194
324523856
324647804
324970069
325136941
325172382
325202370
325271752
325444351
325484972
325565859
326031498
326105260
326133643
326141786
326158120
326598681
326785423
326834516
326901073
326923017
327090311
327160443
327218607
327602971
327677805
327725903
327742000
327901766
328096775
328375460
328531630
328553204
328625641
328870292
328985687
328998402
329004366
329074956
329315318
329329414
329457449
329485176
329627364
330193643
330266516
330468719
330523951
330570012
330583286
330619697
330676465
330705627
330884753
331038264
331121645
331255365
331428962
331441777
331587087
331794034
332057824
332091902
332260094
332270677
332274631
332353073
332356076
332384935
332569516
332639153
332759895
333140653
333290553
333520830
333641184
333656465
333845292
333893115
334011315
334052393
334286943
334342075
334349003
334657438
334664076
334692332
334768052
334802586
334860898
334931063
334983988
335001403
335182521
335182940
335213462
335264071
335322545
335687308
335812938
335837193
335934666
336350633
336394170
336637549
336643529
336646570
336673645
336686484
336746225
336766059
336831896
336900654
336977576
337098781
337113572
337399174
337420409
337425965
338450645
338462477
338493801
338685920
338818765
338861090
338865595
339137368
339319896
339399120
339426565
339491678
339609725
339610246
339734375
339855640
339925506
339960731
339968916
339998579
340170002
340234445
340387246
340535326
340564102
340647757
341120007
341141808
341164875
341505428
341510699
341586993
341668080
341746340
341978201
342253775
342288234
342299455
342781665
342871576
343068823
343282589
343363891
343396744
343428807
343565047
343659672
343831963
344260359
344269436
344345634
344362753
344482548
345026760
345128510
345165742
345327097
345507628
345693886
345735015
346132129
346225535
346226224
346326123
346479023
346653453
347002331
347079780
347328178
347403531
347494408
347554511
347606061
347634051
347654223
347691661
347694740
347769577
347912103
348098821
348161829
348344829
349012710
349101767
349104806
349122429
349144700
349170378
349235166
349269325
349330354
349343137
349537977
349825181
350032407
350170561
350241542
350274102
350379692
350419180
350434998
350628000
350642853
350659830
350710643
350949665
351278937
351363168
351529848
352084027
352203592
352213116
352252756
352266059
352464542
352638896
352686666
352883638
352896434
353083852
353084233
353124794
353255885
353312835
353500723
353652944
353726024
353734736
353914555
353928705
353945861
354172833
354187783
354216721
354222167
354354463
354355908
354474467
354520219
354801754
354966041
355046987
355116258
355127414
355145756
355257640
355263225
355264149
355320518
355488948
355516367
355566597
355589294
355813574
356325768
356460200
356558998
356727719
356857210
356874713
356946995
357094029
357129138
357177391
357395370
357395511
357529036
357584208
357718341
357741519
357766043
357972751
358141825
358157977
358168826
358200836
358417880
358626555
358702368
358780146
358869948
358933229
358991042
359001343
359372723
359399814
359464337
359622223
359623017
359839755
359845915
360140875
360368809
360442847
360477617
360509158
360665713
360672360
360676283
360870800
361169692
361216493
361236821
361280829
361353273
361464762
361729005
361732306
361773902
361801652
361896592
361978700
362404917
362473114
362611383
362672882
362684265
362762938
362823865
363039493
363264112
363457733
363603131
363612825
363745511
363811081
363941938
364284756
364549581
364601350
364649584
364816345
364857304
364868691
365009207
365185775
365302222
365322546
365374456
365400693
365446623
365534309
365616821
365708952
365723435
365793509
365835623
365875422
365951526
365990713
366413139
366439426
366668203
366708631
366755617
366922745
366952795
366974117
367107659
367112337
367200970
367221982
367233945
367275391
367350550
367371100
367696810
367712444
367828473
367905413
367947465
368018696
368254752
368616993
368636252
368779151
368951900
369227199
369250278
369414907
369461941
369497647
369570879
369748631
369804114
369836641
369868781
369925275
369931603
370013200
370164561
370318963
370369482
370378712
370419192
370440711
370487469
370557929
370627556
371009551
371017768
371264933
371498522
371546138
371628474
372160168
372274226
372518198
372523108
372651593
372842292
372963241
373022065
373117451
373245468
373283042
373384557
373460460
373475394
373567087
373789766
374246950
374250815
374335517
374362631
374418289
374534454
374684390
374805241
374813838
374862115
375018306
375114067
375138574
375145676
375149470
375184100
375577430
375596708
375609454
375888182
375977456
375983352
376047141
376057152
376122657
376154465
376186240
376215986
376284088
376410902
376587409
376588819
376886415
376909406
376984430
377194663
377258248
377330818
377568295
377843037
377917281
377925529
378072124
378179710
378304508
378307934
378547261
378707329
378803297
378940229
379084810
379273301
379284199
379486292
379606781
379683279
379684856
379771489
380223201
380287943
380455366
380478483
380584210
380795843
380820860
380821116
380895840
381149200
381229621
381300385
381378910
381469157
381527955
381608963
381613023
381800650
381938901
381964361
382111523
382239812
382309992
382376588
382438461
382798666
382884178
382938695
382958209
382985476
382998472
383134316
383250978
383306608
383318131
383496095
383642738
383717061
383985755
384007891
384010582
384065280
384131648
384219699
384298847
384320345
384406220
384438294
384485375
384544134
384640484
384758551
384799465
384885909
385044620
385164004
385234812
385360773
385372552
385483903
385511406
385512977
385524221
385529818
385560218
385696326
385711090
385782711
385867242
386249670
386389121
386480468
386587932
386611095
386797582
386821297
387073372
387082885
387114016
387243740
387299986
387397952
387500513
387611013
387653171
387720488
387783793
387994676
388067816
388253014
388326485
388832404
388842918
388877025
388999003
388999639
389002925
389046440
389221689
389233941
389277307
389459064
389664321
389665555
389881957
389889551
389928656
389997091
390223900
390332646
390430369
390713606
390789067
390870796
390958291
391103882
391229121
391234676
391324416
391369762
391629782
391706613
391783334
391927256
392093286
392182130
392187261
392198056
392199834
392302139
392390542
392551291
392587777
392614658
392620186
392787216
392811152
393039915
393077569
393302458
393348397
393396834
393455589
393473649
393510890
393666538
393825297
393980909
394051841
394251849
394423888
394643895
394790580
394866071
394879001
394934451
395002870
395565232
395646171
395718807
395783619
395871025
396090226
396184712
396186353
396351744
396612688
396894664
396914973
397014038
397118945
397240395
397370454
397402003
397445106
397470398
397690826
397826796
397852893
398168176
398248340
398623577
398733279
398920823
399043946
399215783
399361617
399959322
400013159
400112332
400196379
400267838
400319711
400451087
400461109
400562766
400629748
400716150
400806467
400868968
400913012
400951602
401036720
401237826
401261492
401280869
401518590
401550757
401662015
401679204
401686495
401731423
401885012
401894360
401980216
402221130
402223748
402228674
402357049
402367031
402418237
402497259
402638178
402783375
403151488
403180399
403304530
403494678
403529982
403537479
403640838
403760727
403945342
404005799
404100104
404290090
404367280
404381879
404386389
404529027
404594897
404694687
404758873
404796655
405080665
405218682
405363891
405534411
405824461
405875167
405943318
406041897
406167028
406313937
406924487
406956719
406987736
406998798
407194323
407433805
407544497
407833007
408001523
408029604
408072345
408133262
408222411
408464776
408484433
408574870
408593748
408702205
408981474
409153880
409183746
409234675
409237555
409641003
409736974
409788202
409957291
409974444
410065958
410109987
410289663
410468342
410497201
410502328
410670998
410726256
411061384
411080646
411181491
411241188
411257532
411406834
411408071
411524205
411550509
411639778
411689694
411829185
411851545
412002960
412053522
412098513
412199127
412257370
412583791
412706158
412717904
412819057
412877030
412947679
412981586
413023112
413127405
413219894
413274899
413306188
413345290
413491776
413564024
413738895
413868883
413920057
414053272
414139091
414167953
414207777
414292648
414302437
414391521
414404629
414405724
414564081
414760455
414842027
414991118
415001424
415016493
415105840
415595945
415622549
415642852
415772651
416073629
416276300
416377507
416426516
416504718
416567763
416931688
417056448
417098395
417181574
417185403
417237858
417275316
417381804
417480497
417660864
417865927
418031951
418271809
418305730
418421499
418475899
418679076
418713410
418740554
419000598
419118361
419199960
419290471
419321468
419366408
419421768
419649278
419720287
419775521
419930528
420027558
420550070
420640134
420692625
420709760
420767147
420813278
420853015
420884133
420927758
420963593
420986386
421232847
421315340
421481804
421592801
421638271
421640743
422001526
422094446
422142746
422150112
422420834
422626691
422707287
422783155
422812478
423016228
423220122
423380559
423766958
423787286
423805705
423854019
423924790
424009886
424065507
424173426
424441776
424478866
424583225
424665310
424678321
424758670
424762035
424865504
424909395
425021781
425213921
425268177
425318253
425442810
425460586
425500379
425761306
425912326
426059334
426315133
426377799
426469595
426482340
426492895
426587415
426643409
426708343
426906994
427010532
427254175
427511903
427525427
427667446
427745627
427804817
427976766
427983514
428060977
428205865
428280899
428452881
428503658
428546892
428606448
428642245
428644413
428708442
429194713
429220752
429309113
429463671
429540192
429676964
429908005
429991669
430021152
430046311
430156307
430237673
430300140
430352010
430395351
430400920
430432959
430621072
430727708
430761086
430789516
430831191
430960493
431067911
431095460
431163351
431220376
431538747
431708138
431800337
431921659
432023892
432047981
432095373
432120877
432256236
432313601
432485380
432670730
432979414
433045105
433095278
433433467
433641716
433739338
433741320
433867398
434152776
434217534
434375333
434379682
434399414
434411836
434594919
434662535
434731811
434863691
434967173
434988524
434990834
435040493
435170810
435209248
435286778
435288208
435529199
435894162
435909609
435931797
436055754
436083172
436129026
436185432
436213927
436277974
436356428
436564455
436570486
436593127
436596335
436630142
436722368
436812303
436877862
437139641
437339725
437381930
437436863
437543140
437781001
437821208
438106929
438162170
438312880
438344558
438365727
438382495
438504143
438719526
438742186
438777915
439075197
439078599
439097464
439344393
439418684
439558992
439602373
439876818
440113550
440282991
440377898
440488100
440543129
440579869
440686821
440811431
440878633
440969039
441160775
441196270
441217010
441407751
441487343
441536832
441550726
441658853
441745383
441760752
441827225
441832511
441934191
441951084
442008477
442130601
442142044
442191647
442585006
442896210
442912951
442917473
443029087
443050108
443220822
443482243
443632121
443668124
443682312
443686907
443738952
443808489
443830735
444015229
444162954
444255041
444418687
444493110
444595987
444671129
444839581
444980629
445268935
445529232
445558948
445885003
445991278
446142667
446316569
446490098
446697638
446787937
446907667
446933668
446972156
447050073
447282256
447380871
447445075
447805377
447854025
447904374
448028163
448059071
448070898
448371673
448384260
448450619
448499317
448504805
448543488
448564615
448746044
449276634
449384291
449485790
449584869
449621691
449684239
449840892
449862027
449960362
449978498
450051596
450124751
450173287
450222742
450235885
450382315
450485054
450732149
450959944
451036818
451099522
451573436
451784388
451963946
451969727
452121841
452176411
452379267
452500274
452679830
452728877
452898065
452917050
453090517
453095452
453409335
453497667
453505112
453749067
453913714
453961588
453964725
453990230
454013014
454231136
454258175
454341601
454553384
454632952
454649046
454785044
454849151
455141291
455214045
455278273
455331613
455392968
455403242
455476952
455532927
455551537
455590982
455594579
455685813
455724508
455774461
456196458
456214654
456259627
456270228
456332607
456394755
456407829
456514093
456778122
456964167
456978507
457039840
457071203
457127499
457207157
457221515
457307474
457596088
457654564
457702265
457720270
457737432
457763278
458044889
458045140
458086906
458313624
458350154
458449343
458470797
458843037
458850727
459220596
459287879
459491413
459516539
459630756
459749931
459956000
459986541
459992651
460042343
460063607
460322912
460372914
460527036
460635029
460673295
460824000
461104475
461456129
461548900
461631019
461632274
461746255
461791517
461804771
462071449
462130366
462179445
462568987
462689668
462913465
463060337
463078296
463137728
463399418
463583875
463746150
463800090
463807487
463938067
463947351
463997394
464097473
464098700
464229457
464379635
464519513
464693565
464745512
464752329
464817775
465024522
465221832
465224628
465262889
465380402
465382771
465492968
465557770
465653752
465668980
465916667
465932932
465998258
466037348
466122767
466223025
466482076
466775531
466777445
466941478
467134359
467266037
467322222
467385109
467437704
467476500
467557682
467956762
468032065
468072585
468100910
468171206
468459228
468509157
468856262
468884996
468976881
469190154
469229351
469320040
469369674
469494163
469504190
469543364
469697346
469913496
469968593
470254084
470261501
470344668
470369637
470723487
470730694
470789293
470894645
471132841
471201210
471351992
471356528
471424383
471529494
471898569
472095992
472226181
472273275
472593665
472618154
472701912
472739401
472964748
472965861
472978622
473065627
473353018
473478144
473722812
473924661
474011265
474207791
474230160
474238295
474511535
474676117
474720482
474963500
474991624
475004896
475030625
475032777
475225062
475472714
475547696
475591124
475771514
475916523
475939001
476174664
476194162
476229271
476242062
476402173
476448265
476686868
476702524
476740720
476778919
476812712
476818626
476829783
476988165
477316501
477345528
477458349
477575073
477589629
477766616
477869662
478147933
478159195
478229679
478477080
478537336
478616659
478666161
478751838
478818840
478897544
478919108
478974414
479078055
479281679
479459403
479766245
479802496
480024977
480069611
480115319
480152427
480426847
480523121
480740248
480921585
481006397
481120870
481493124
481522286
481650938
481713784
481734093
481735212
481888754
482024460
482228133
482271865
482286771
482309892
482338379
482518859
482567645
482745789
483048502
483325527
483344998
483404193
483638122
483958660
484044707
484157694
484266457
484282524
484358513
484436620
484491694
484741454
484839917
484850240
484895699
485031336
485098612
485296167
485385436
485509603
485545195
485927883
485958862
485959529
486002717
486011146
486069402
486211249
486233681
486327145
486335769
486336089
486406174
486497351
486536208
486554383
486610508
486734289
487221759
487360247
487522482
487737907
487865858
488008997
488073012
488107950
488230945
488284577
488288532
488381050
488385229
488514428
488520630
488555972
488688750
488728834
488920536
488925574
489234293
489495987
489619656
489690663
489835132
489847223
489890597
489989478
490043421
490070105
490081224
490185546
490197128
490277237
490345228
490466875
490567432
490610439
490837869
491080133
491084530
491096259
491254542
491426488
491551766
491558670
491560500
491608538
491900621
492493136
492686225
492872851
493297941
493445106
493508365
493551098
493686429
493748707
493760490
493824506
493869069
493930678
494104898
494131365
494160870
494311749
494385112
494444123
494501846
494529649
494585203
494612200
494619479
494734956
494740286
494742139
495170045
495173403
495265564
495410916
495468098
495735448
495946426
496177459
496330242
496345923
496490688
496520410
496525066
496556400
496562612
496749831
496796365
496834892
496851397
497333261
497361496
497580297
497626122
497786611
497871413
497966610
498007817
498060960
498079656
498086433
498130929
498169462
498216526
498240512
498586326
498677654
498782840
498826222
498858312
498950614
499134244
499318762
499416741
499438450
499533316
499563499
499601558
499760436
500102386
500130844
500185509
500224084
500410981
500457399
500553206
500597341
500630724
500637551
500669737
500732616
501058985
501311879
501445756
501538277
501822231
501859367
501873015
501972040
502015074
502357833
502476823
502563880
502701522
502769964
502937840
502971636
503084659
503322376
503394197
503513251
503645989
503657859
503850221
503865116
503980895
504021358
504465358
504530481
504638703
504714786
504984857
505026917
505056835
505060391
505174805
505246558
505391675
505436663
505508922
505657203
505664062
505707126
505714459
505752895
505781553
505808348
505883677
505905489
506014875
506149033
506311451
506318845
506389296
506414195
506479143
506546700
506605135
506659666
506667020
506748790
506865836
507331729
507340607
507466639
507606938
507746209
507996804
507999762
508050448
508086405
508157070
508221955
508254792
508529424
508572052
508578982
508682880
508855167
508901701
509149292
509196895
509395746
509503771
509577071
509663571
509792464
509807498
509970547
510061073
510088771
510261515
510533080
510711878
510826471
510968762
511075004
511189261
511322110
511393140
511505804
511627812
511693185
511798326
511893007
511902409
511957904
512117663
512223157
512328334
512379986
512386072
512398147
512645446
512691469
512720530
512736751
512743402
512855248
513000129
513178709
513248083
513258953
513349730
513461999
513662922
513706277
513815445
513826542
513845577
513888113
513984107
514053341
514159541
514299181
514437992
514491048
514522313
514561391
514569844
514651768
514668739
514838914
514849995
515148207
515265554
515272764
515307793
515391752
515410302
515642088
515828581
515853089
516286631
516505756
516566763
516613134
516716871
516723956
516777348
516935381
517052026
517127399
517212032
517265789
517272888
517279327
517296043
517741863
518094757
518149977
518215305
518530630
518562520
518683630
518798657
518877465
519023544
519043084
519052236
519547098
519719215
520035900
520377789
520391120
520486405
520502927
520521560
520642004
520733568
520924472
520994424
521196937
521537220
521663594
521677298
521709812
521743733
521748102
521801856
521886537
522249221
522400236
522461950
522646102
522747126
522828246
522858872
523050264
523100782
523167277
523299853
523334095
523369762
523411008
523478288
523526621
523555783
523624761
523880397
524100341
524162533
524194471
524257174
524303805
524310261
524605480
524609307
524674729
525001239
525047623
525063219
525117947
525316344
525438421
525474504
525516451
525953321
525989567
526048170
526098120
526462590
526500585
526712448
526870841
526939434
526992727
527053420
527102647
527155908
527196976
527307602
527379633
527573485
527733664
527757574
527759435
527823936
527899520
528186536
528199730
528205740
528243346
528351495
528439663
528463391
528473652
528491597
528508409
528610586
528628721
528866077
528939056
529015595
529161137
529164827
529198498
529510971
529732801
529811529
529851524
529885807
530044834
530052845
530529949
530703187
530798858
530884793
531142829
531146203
531191842
531367053
531658337
531760708
531881338
531894383
532023588
532222723
532385542
532438035
532535676
532716920
532790818
532810510
532884040
532949187
532963011
533009602
533064062
533408429
533447203
533657560
533667601
533772601
534275590
534462276
534524371
534708570
534777014
534777210
534803498
534900108
534916491
534962592
535339753
535793216
535979770
536161275
536453105
536596680
536671157
536730748
536766729
536776148
536864840
536985767
537031904
537037275
537080155
537178522
537677455
537711574
537722045
537776360
538064304
538321968
538387831
538459319
538556936
538587125
538610325
538628929
538856980
538870588
538926610
539089614
539154271
539215523
539393124
539458281
539509897
539529236
539802093
539829885
539928118
540000024
540043425
540187873
540191957
540211972
540283290
540601415
540606479
540628541
540910146
540940490
541254431
541472889
541544912
541817700
541899492
542215507
542287607
542426766
542544978
542779070
542792091
542990841
543142365
543297988
543459700
543732443
544141435
544229074
544240634
544346940
544463277
544552683
544582125
544598895
544612103
544672196
544681886
544682504
544697326
544701555
544708002
544731336
545150201
545214129
545339953
545415422
545421474
545471823
545685320
545932559
545993702
545994262
546206574
546270942
546338844
546350994
546365931
546456705
546459243
546529037
546574393
546755296
546759205
546814532
546988928
547004916
547067172
547132830
547200062
547244094
547320574
547343535
547447700
547447955
547590116
548262761
548285195
548339937
548405440
548481379
548487241
548487792
548488303
548539289
548949068
548994937
549488119
549691592
550081709
550209526
550241210
550462538
550576627
550640829
550755299
550851919
550963980
550973524
551039678
551102607
551188975
551281602
551368932
551593474
552046555
552295519
552396177
552551135
552640346
552697624
552967314
553110235
553110708
553184423
553188212
553224750
553455681
553460969
553648461
553651948
553755359
553871737
554031535
554301655
554310663
554500619
554524820
554573088
554704062
554763316
555009727
555032978
555157483
555238820
555467336
555542353
555638693
555644200
555749100
555808862
555931438
556417109
556437582
556500016
556508391
556532732
556601888
556644693
556756374
556760430
556878619
557096874
557269897
557343596
557525329
557686667
557770700
557801234
557840995
557870711
558116222
558122272
558323353
558664306
558739618
558832974
558936429
559006233
559030976
559225203
559321277
559576454
559697232
559714936
559723131
560038538
560157713
560586385
560705143
560720652
560745584
561058449
561325997
561450876
561475868
561593677
561608586
561628181
561635606
561755502
561769085
561963181
562485167
562555602
562657011
562659821
562753722
562832229
562966802
563261552
563369025
563388115
563453857
563527410
563748176
563788686
563795838
563796931
564008341
564088090
564233639
564279382
564503150
564516232
564790550
564918754
565290702
565546627
565548588
565774539
565851036
566017287
566051100
566092322
566224882
566234640
566324231
566343512
566382104
566442621
566563400
566578367
566791896
566817164
566851294
566865963
566963406
567002213
567130136
567319057
567576645
567614863
567726827
567832938
567914537
568055075
568065346
568313595
568479031
568539505
568586982
568702845
568739886
568803091
568973579
569067496
569320898
569429669
569668971
569703410
569850946
569868254
570157986
570405926
570436360
570509632
570546476
571068950
571140334
571228778
571234105
571257223
571258174
571288485
571358857
571374235
571396730
571439892
571447406
571626628
571703131
571723585
571752313
571891130
572139106
572146178
572609184
572648103
572689959
572707433
572714443
572731777
572733327
572807020
572871762
572878909
572952075
573360240
573534447
573572819
573634506
573684595
573743393
574108327
574207733
574309727
574451507
574667850
574750697
574876863
575084127
575150991
575201017
575354593
575416132
575489640
575592506
575707218
575725950
575853678
575883961
576010754
576024942
576124057
576170997
576219743
576307399
576308898
576327301
576588066
576614918
576630021
576643493
576756718
576760900
577025162
577043718
577051470
577220681
577340441
577440684
577635493
577705049
577778922
578072946
578181385
578243219
578289086
578388427
578453467
578606634
578647299
578650775
578769120
578857905
578917765
579141716
579717072
579732492
580091824
580108401
580135444
580159310
580165405
580180391
580327042
580599511
580603317
580604869
580639988
580712489
580772636
580787775
580885946
580900240
580946765
580999226
581035211
581267125
581459079
581480021
581512911
581532363
581754061
581809364
581842013
582019297
582279482
582359345
582400866
582495506
582557753
582580826
582667467
582778760
582811614
583021246
583059709
583081646
583255894
583346496
583474794
583721552
583751061
584021055
584023711
584131361
584211309
584213729
584237781
584265407
584360890
584432589
584564045
584614917
584698685
584736285
584871443
584892331
584940389
584962952
584988805
585225588
586031327
586057656
586078818
586143475
586350309
586446945
586592900
586637942
586712201
586899329
587007244
587459739
587518792
587645148
587645803
587775392
587803539
587805023
588052871
588147354
588189722
588250063
588334729
588397581
588452248
588565324
588570481
588684013
588756068
588873049
588880298
588885377
588961124
588991772
589014591
589181029
589311800
589339738
589344047
589408687
589410970
589479180
589577494
589632276
589699649
589729295
589836360
589874652
589933299
589981202
590068554
590125410
590126726
590233269
590265716
590309363
590394509
590458490
590550754
590610903
590658862
590886243
591053623
591100619
591120000
591248273
591284490
591344517
591351575
591549008
591716811
591756914
591800266
591915607
592078548
592185592
592249452
592305802
592366603
592414156
592638026
593088647
593212380
593256690
593382659
593416265
593582887
593778142
593807045
593833248
593841505
593937185
594016407
594071465
594207838
594224414
594253814
594305190
594364533
594610157
594660708
594759658
594772451
594900576
594930258
594965313
594967673
594984091
595040227
595231433
595284747
595342240
595363410
595460302
595535802
595623228
595880756
596004099
596025437
596029415
596145569
596173468
596254583
596398474
596431629
596501096
596572847
596642066
597041241
597060379
597186012
597343085
597401312
597540912
597543893
597843267
597988020
598134856
598393553
598861825
599155086
599502176
599817404
599851495
600291703
600335391
600548841
600762243
600825516
601162169
601269085
601397023
601549652
601580417
602019408
602080675
602093756
602196344
602283985
602350071
602869826
603056651
603200702
603268428
603297125
603450745
603598567
603638771
603658249
603954326
603977367
604103000
604108808
604167118
604255882
604391755
604545786
605002805
605244932
605292205
605342052
605342449
605362950
605471816
605493980
605771631
605872220
605903754
606108219
606455156
606650041
606736165
607025501
607124335
607333043
607411672
607537698
607573959
607663451
607776361
607797068
607887112
608066386
608074610
608156274
608295501
608417230
608455607
608471681
608670605
608779436
608843083
608996738
609040477
609273329
609339820
609430624
609515949
609641158
609713653
609782059
609957473
609970516
610085699
610225978
610263747
610305814
610322386
610450150
610595657
610619300
610687119
610790263
610791283
610796575
611300137
611318221
611331224
611576749
611976587
612075394
612238276
612417205
612480588
612500669
612784716
612844978
612861684
612869052
613072865
613117895
613454908
613518169
613827921
613883162
613887202
614018126
614018774
614156630
614410052
614508574
614513417
614575264
614618494
614792757
614838084
614842635
614944600
614987750
615075713
615431870
615447472
615499534
615646698
615885811
615915264
615923095
616536718
616645624
616673307
616715209
616744286
616763036
616785326
616791291
616802571
616878733
616935261
616983375
617063947
617183097
617342837
617567871
617743464
617860407
618132200
618143016
618211448
618329896
618433010
618479619
618725922
618771866
618774424
619344432
619358459
619366006
619369968
619599960
619671118
619864704
619929269
620388940
620523909
620536701
620552349
620612063
620672685
620680262
620823608
620917904
621099570
621141243
621322926
621458368
621517179
621619490
621636046
621698176
621700364
621744379
621812499
621833754
621854175
621931272
622179956
622204570
622390721
622534649
622536169
622607767
622886907
622914445
623053372
623149118
623427990
623432726
623576859
623640349
623735354
623757138
623843641
623950545
623989931
624006733
624046148
624122450
624267792
624288385
624387264
624753233
624772910
624892242
625143827
625467001
625704181
625770160
625790161
625793263
625824691
625839744
626217477
626241440
626266114
626270386
626340376
626352599
626379942
626606561
626723006
626852478
627479562
627506221
627524125
627546414
627620696
627633860
627640454
627787206
627867118
628085197
628484267
628510368
628627544
628682277
628744106
628846620
628900109
629044779
629156707
629615361
629674631
629703971
629704472
629858180
630150310
630303596
630398234
630409086
630472803
630532323
630590336
630755761
630762363
631011417
631181053
631271243
631273688
631399570
631452132
631458203
631533865
631584378
631754598
631814894
632311583
632396046
632415057
632419702
632422433
632468123
632589050
632806118
632829738
632873092
632962940
632977720
632997380
633068830
633403346
633545285
633674871
633743529
633748989
633885755
633906357
633967460
634154543
634234857
634255796
634613062
634648121
634707758
635041410
635098583
635147454
635270069
635514265
635640261
635709468
635821222
635834410
635887600
635896912
636161502
636183220
636237971
636467120
636691531
636849317
636849333
636980101
637254177
637262880
637264650
637332104
637514785
637784045
637880771
637934678
637952085
638053255
638079851
638153355
638250853
638581586
638846218
638913158
639003540
639014611
639097099
639118870
639125299
639152842
639231775
639437826
639483210
639503100
639690718
639812564
639838119
639856385
639967104
639985473
640025504
640154246
640240793
640259788
640327577
640333000
640404059
640502048
640643293
640662936
640856507
640932075
641082501
641096198
641349006
641369628
641588657
641746600
641780796
641865948
641930742
641982836
642011376
642055848
642067238
642123901
642179989
642234877
642373279
642482508
642535502
642640795
643232674
643268078
643383545
643547668
643592157
643656716
643842164
643900143
643994711
644364096
644441813
644848526
644991702
645101392
645119590
645141633
645257015
645290287
645334765
645578173
645667668
645726426
645729824
645731845
645758422
645874822
645913450
646078440
646090305
646320680
646440912
646662763
646758767
646787612
646822311
646883310
646927737
646951871
646974161
647046873
647331424
647343946
647436047
647550062
647591207
647687370
648252972
648320901
648809728
648960060
649224165
649233875
649692932
649789738
649818273
649969215
650170606
650175479
650210187
650520581
650557491
650622341
650681099
650707570
650786227
651014773
651587057
651770605
651842662
651935437
652065847
652226051
652378947
652432106
652548678
652609534
652699815
652783059
652891178
652962714
653100707
653111021
653191940
653198561
653526840
653887874
653998284
654016063
654137271
654471784
654496688
654626296
654853598
654923998
654965207
655151132
655343544
655367148
655405489
655560996
655704856
655752529
655778774
655786434
655812074
655867147
655876135
655903455
655926154
656547612
656601416
656690110
656739037
656943402
657036103
657052135
657203176
657231619
657235990
657246228
657371759
657902491
658258564
658279085
658728361
658813871
658847911
658900634
658990563
659441821
659497001
659571948
659846413
659922183
660053908
660164152
660268726
660398971
660472426
660491012
660525303
660627382
660779367
660968660
661242127
661675993
661702035
661745060
662015104
662311492
662448158
662468878
662570927
662634416
662849094
662945941
662989521
662992120
663004413
663131344
663174196
663317735
663361997
663721005
663856921
664145960
664343153
664369758
664656441
664807183
665186769
665387478
665435747
665452609
665483273
665648360
665709181
665754768
665812119
666145249
666327726
666448480
666598835
666599311
666808212
666954090
667038681
667138805
667281258
667584854
667646836
667767536
667998396
668103556
668312480
668399102
668603594
668809554
668965975
669278371
669772014
669883147
669884242
669892382
670012088
670062043
670176995
670391994
670462758
670645355
670650972
670694735
670827455
671093032
671547071
671663798
671680488
671827491
672073712
672075557
672077938
672126569
672219751
672288747
672435012
672538621
672614753
672625993
672667428
672831414
673167740
673215745
673231224
673322481
673370061
673537647
673810879
673835303
673895501
673903471
674174506
674177261
674255461
674340747
674365864
674477680
674919041
675151652
675271993
675347552
675419161
675419548
675968758
676021478
676244815
676246103
676416186
676626950
676682175
676735914
676761160
676791494
677083233
677180132
677181843
677473168
677580615
677752676
677845577
677912611
678040640
678219191
678327208
678467797
678715945
678746458
678789775
678814239
678870423
679316963
679367661
679401831
679404377
679455634
679465377
679614344
679664146
679900171
679938208
680376689
680487274
680577125
680594867
680637336
680645447
680753371
680855205
680971057
681068141
681134776
681189437
681235163
681284655
681291436
681303006
681432340
681466907
681603345
681641651
681699209
681826468
681882933
682186479
682204918
682214518
682355053
682375832
682431598
682558350
682608866
682896762
683114143
683148636
683149118
683178078
683387098
683405687
683655676
683938920
683966282
684192039
684220864
684328270
684645597
684765349
684768788
684829204
684900505
684907169
685048243
685273711
685475680
685496525
685674996
685690965
685772550
685782048
685817508
686058912
686170028
686291577
686349206
686361209
686501742
686835992
687011204
687097848
687363646
687447994
687613566
687632407
687725254
687932189
687967618
687991112
688100774
688162996
688174917
688416928
688450592
688694798
688829048
688829267
689230755
689242820
689327369
689477297
689483541
689827281
690037360
690046479
690052856
690405832
690428771
690617455
690854750
690866691
690942845
691031861
691075340
691498797
691629385
691887126
691902890
691946389
692001748
692089177
692281131
692286831
692378852
692518658
692609213
692650372
692832994
692998231
693070274
693091734
693302537
693333975
693686304
693752062
693752834
693937186
694119456
694358924
694500760
694544705
694569677
694661329
694778043
694971402
695073175
695273980
695339697
695395820
695643043
695729577
695768274
695769131
695805771
695939527
695999546
696066308
696252989
696302571
696422515
696457799
696793254
696849482
697263234
697281576
697289360
697426939
697458730
697618821
697679922
697750977
697807329
697824584
697936096
698111360
698171372
698399309
698452625
698642572
698731790
698766945
698774154
698789889
698898617
698927391
699019141
699033600
699318370
699344169
699397875
699413046
699495901
699585873
699657421
699731757
699860670
699921586
700106942
700228682
700268616
700336674
700394883
700545137
700562330
700574373
700640738
700647357
700698890
700797222
701056898
701088310
701282901
701338365
701408622
701629020
701641563
701659139
701731672
701732705
701803799
701894713
702298139
702344412
702371212
702376250
702456411
702501335
702661238
702790781
702829742
702911568
702950559
703022966
703191776
703248294
703558579
703653728
703680738
703815188
704013151
704085126
704149852
704302364
704441477
704446178
704528653
704796091
704827634
704882157
704949078
705057160
705124895
705225607
705584485
705621313
705844350
706028609
706085141
706235992
706359333
706365352
706495921
706788971
706961337
706999495
707317184
707386264
707464676
707636414
707985566
708038017
708163287
708176879
708337433
708368847
708457900
708481128
708507475
708556645
708611494
709315223
709600311
709897352
709925267
710030110
710060587
710381663
710408361
710531376
710746621
710888956
710932222
711041568
711049890
711239163
711362022
711411258
711581269
711683270
711747428
711785224
711964743
712390458
712412943
712614580
712697301
712937856
713183241
713256019
713352044
713374050
713383446
713464125
713906769
714125849
714149799
714233178
714394726
714520799
714577787
714685061
714819940
715122259
715126476
715349673
715399289
715645079
715725105
715730802
716058841
716230397
716235343
716299322
716431169
716435393
716476797
716585626
716797926
716799395
716902968
717020155
717216490
717297421
717368143
717566814
717670898
717807976
717816313
717852002
717906050
717937024
717948001
718008330
718257804
718397354
718406685
718523608
718663701
718696207
718866774
718962855
719155150
719220577
719248699
719382007
719473830
719610681
719943311
719984571
720037877
720080759
720246035
720254369
720260359
720301160
720444632
720484837
720559211
720631191
720804775
720823806
720911161
720995374
721069251
721219397
721380618
721407998
721481716
721527590
721538138
721540559
721640811
721645786
721746966
721799590
721889074
722196461
722539335
722580981
722663860
722666575
722685729
722701009
722770112
722807903
722909332
722951346
723265330
723286467
723409439
723484160
723647745
723706755
723737982
723985694
723998391
724030375
724099815
724558003
724575449
724804348
724921494
725016145
725137555
725248668
725318206
725390489
725475508
725537917
725599744
725715773
725882761
725994916
726012260
726379991
726564657
726917113
726936314
726954844
727112406
727239634
727290649
727376385
727471942
727474359
727551090
727901380
728027376
728149294
728185176
728301490
728343986
728460743
728562324
728569887
728656733
728877018
729021419
729488866
729519423
729564910
729585809
729619483
729619993
729707831
729794197
730155190
730221097
730371328
730682345
730810745
730877549
730972923
731027136
731044265
731395638
731509786
731738326
731980640
732039773
732282107
732370943
732479886
732573036
732579830
732585113
732659514
732776137
732852218
732949230
733002227
733053241
733100641
733329866
733431388
733549273
733732827
733812521
733889469
733960799
734218001
734444646
734503281
734538055
734648608
734966270
735031234
735149146
735307983
735541937
735637510
735653204
735736117
735746759
735883765
735888478
736005565
736025670
736216829
736274942
736319984
736322124
736491048
736761474
736894184
736975733
737022340
737046597
737110933
737233616
737469462
737741149
737742505
738066657
738230153
738270947
738478897
738518445
738708627
738837636
738920736
738927625
738955947
738996391
739040493
739057419
739288735
739506970
739532340
739634307
739733188
739837659
740026981
740238729
740316139
740446818
740627863
740946321
741006588
741021883
741146476
741197241
741254640
741297775
741298790
741327885
741339205
741469165
741643320
741740146
741926468
741946806
742035208
742082786
742096372
742175694
742190748
742407419
742454809
742503495
742542924
742636436
742648274
742745744
742771353
742915501
742924653
743354534
743537736
744046691
744201025
744281165
744370942
744750031
744765151
744952669
745101730
745129240
745137118
745137304
745151018
745160156
745174251
745178608
745328329
745445179
745601830
745641273
745673666
745919893
746121219
746843142
746939460
747248496
747537282
747643066
747673017
747848284
747957509
747990722
748073749
748145738
748237026
748339510
748358755
748362382
748482130
748699213
748923587
748939903
748992070
749045341
749060192
749115272
749136340
749140593
749210706
749473330
749633631
749734360
749788371
749866081
749916066
749963332
750034468
750080297
750106452
750153476
750279931
750303636
750404497
750464800
750497145
750621243
750633333
750676828
750756977
750833850
750846516
751077452
751166874
751419431
751564602
751638425
751696107
751851378
752100771
752443351
752510930
752519117
752527780
752830928
752880634
753055150
753213721
753356256
753405351
753430964
753565532
753929684
754214500
754349850
754423890
754454319
754506556
754547224
754750977
754818349
755059976
755074224
755216884
755250822
755564782
755617467
755740403
755807104
756014399
756129408
756246877
756288336
756306949
756477968
756497936
756521368
756770747
757280213
757660063
757677031
757903559
757935242
757946301
758026614
758066132
758071110
758080042
758102893
758166103
758239647
758278911
758362350
758478136
758541591
758546220
758581283
758846189
758955066
759038242
759067236
759087183
759175493
759226351
759428627
759476379
759598455
759670976
759850822
759868409
759879192
759897623
760108649
760312909
760322299
760389241
760472689
760566996
760918139
761049868
761131140
761315951
761344913
761537374
761764042
761854376
761879032
761902801
762003815
762047569
762249099
762258504
762332087
762455295
762505930
762542600
762577617
762609870
762668479
762784180
763121096
763199273
763290608
763320743
763522411
763587896
763638242
763686442
763712624
763722598
764132425
764166712
764557271
764751065
764837204
764952078
764970845
765225015
765233743
765244798
765389915
765457314
765832878
765985524
766000477
766325665
766474680
766486198
766507957
766607756
766613117
766665328
766743929
766746106
766771166
766771170
766885240
767032492
767350330
767414144
767501002
767605119
767864621
767907137
767958668
767974263
767992471
768142777
768174089
768257569
768327467
768498685
768613167
768730663
768799270
769039720
769171506
769172131
769249407
769298246
769653408
769743411
769756156
769774151
770070310
770086893
770097950
770281399
770417831
770501900
770949746
771058074
771148014
771164267
771170284
771309020
771713715
771783753
771922594
772092153
772153570
772309694
772389012
772906152
773033909
773152017
773387466
773655932
773661236
773797411
774144408
774261986
774315851
774326128
774391639
774474415
774604497
774888558
775189964
775249947
775272736
775286718
775429338
775442368
775482381
775586901
775681218
775817819
775902582
776282964
776446440
776523816
776590217
776670048
776846782
776868780
776967558
776978224
777017074
777018112
777127238
777168307
777200712
777314924
777355862
777401616
777422636
777582923
777875393
777946055
778010426
778131576
778436331
778511893
778537686
778572798
778749615
778824943
778857546
778916994
779007961
779269897
779605130
779645505
780005578
780043345
780051768
780103155
780155273
780162264
780163081
780248974
780279213
780547787
780798043
780899403
780963318
781027474
781060552
781226568
781245341
781387490
781411177
781606232
781718507
781825285
781887437
782016959
782124832
782128617
782162970
782229210
782325860
782328340
782362269
782512591
782574399
782633993
782706757
782741822
782849756
782965118
783106168
783118397
783158905
783201083
783404678
783511095
783550827
783613038
783915107
783989796
784031324
784077856
784151446
784428066
784612930
784689663
784714749
784773683
784914580
785124578
785198671
785203269
785203780
785560912
785567600
785586928
785709492
785870171
785928949
786204493
786212746
786569318
786655399
786695564
786712773
786852883
787114993
787302414
787446001
787487338
787623028
787845239
787896685
788018166
788047583
788187426
788224880
788317728
788473686
788722305
788754117
788837084
788846769
788880236
788977459
789080032
789295340
789429510
789823605
789876372
789908162
790005645
790190118
790234792
790370705
790513489
790981244
791158695
791276882
791719842
791764503
791813660
791835124
791858453
791952066
792086948
792171691
792448510
792537790
792642692
792722422
792738457
792906454
792963123
793035865
793126024
793246364
793356120
793419767
793558083
793717674
793768707
793786429
793836729
793886946
794022876
794040997
794185852
794322209
794446895
794685236
794870463
794926999
795009743
795041013
795183392
795240828
795355505
795401705
795651493
795909770
795974893
795986960
796152725
796409257
796420311
796524926
796590042
796618592
796643444
796811709
796951542
797136955
797153799
797165975
797248907
797409850
797531501
797584045
797640549
798067456
798165396
798202594
798214948
798231466
798376550
798506896
798897546
798963302
798979380
799021452
799089538
799212439
799464304
799466038
799525198
799559909
799629868
799726846
799792962
800024501
800156742
800329157
800657308
800862653
800916760
801160757
801539919
801710406
801812817
801864925
801897921
801940020
802117481
802209890
802290250
802441605
802465692
802690175
802868882
802908451
803155336
803395004
803404565
803426417
803458184
803472726
803485502
803740435
803771243
803778728
803822480
803890874
804006962
804274328
804312701
804453124
804661306
804673944
804856991
805083866
805380994
805576423
805896091
805912362
806050130
806204176
806247981
806481289
806555754
806593010
806594973
806626866
806639406
806670081
806739397
806793201
806914812
807195461
807381826
807559879
807738200
808129341
808276880
808380354
808412299
808426323
808477676
808769439
808798157
808798913
809212729
809424700
809676496
809732691
809744487
809773819
809939731
810259063
810273368
810305429
810378442
810494389
810666502
810755526
810890905
810929022
811082663
811297452
811358044
811538738
811567948
811625038
811643757
811809835
811833851
811963576
811998340
812159727
812207059
812372697
812599860
812635423
812827757
813177886
813264905
813281937
813433222
813530007
813591789
813604046
813741578
813819291
813907998
814128764
814254770
814443286
814611324
815273871
815343905
815616213
815748948
815757778
815934725
815949275
816156257
816205158
816592636
816633413
816642200
816847993
817088604
817184257
817211292
817223372
817246655
817458398
817646669
817654585
817774701
817776768
817925875
818043463
818072384
818272944
818285436
818356428
818358917
818399582
818425971
818613249
818665940
818679758
818868924
818967353
819093019
819122702
819177743
819361324
819521649
819572453
819630161
819635210
819819241
819845108
819961438
819966277
820066444
820100007
820116302
820166801
820304521
820496705
820560974
820615701
820648842
820752244
820851312
820856494
820961385
821391265
821623695
821690138
821944699
822042078
822052365
822070808
822144011
822211070
822215941
822305074
822356810
822543188
822566812
822641318
822663708
822945880
823002162
823077542
823299804
823349856
823396071
823585093
823594882
823678804
823736054
823766903
824094231
824719493
825301580
825350549
825444037
825444862
825512314
825659934
825664859
825734746
825741506
825789975
825977941
826010233
826292648
826492618
826683287
826829728
826868602
826919114
826991085
827046751
827392239
827417814
827435645
827594083
827809305
827929862
828072479
828202897
828361315
828367397
828548542
828587998
828652750
828733080
829024856
829114909
829327653
829364189
829378702
829750469
829894511
829980236
829983484
829992975
830004554
830062969
830233443
830290454
830440860
830452753
830478028
830528977
830606963
830650313
830734283
831097404
831157507
831174698
831703165
831721761
831729682
831743596
831749182
831766379
831783304
831919105
832115800
832267547
832314132
832687315
832739502
832940667
833011822
833062072
833064948
833197322
833347118
833366896
833519275
833673097
833726553
833769689
833897017
833922627
833928922
834013836
834021862
834028186
834048027
834173877
834258955
834396715
834401333
834844779
834979669
835087723
835116549
835263862
835267449
835544274
835715677
835817873
836026400
836037082
836075035
836077619
836169281
836266814
836273792
836373026
836836289
837877146
837879035
837939830
838018183
838043861
838144379
838240597
838313940
838330664
838452100
838540755
838604178
838911215
838959330
838979537
839077929
839164420
839172204
839236175
839285783
839331968
839527525
839537601
839654459
839985781
840054858
840168530
840255970
840262928
840368178
840433395
840458509
840815011
840861682
841600027
841779131
841965686
842115614
842233790
842236952
842244769
842441476
842537764
842717698
842722113
842792197
843066557
843155281
843184047
844183994
844255889
844295969
844326420
844338674
844403131
844406683
844430424
844460579
844477153
844940549
845270641
845458488
845464354
845591885
845678907
845897846
845922219
846005313
846039931
846075122
846156845
846202241
846460910
846508439
846549131
846618208
846801252
846907912
846973754
846975198
846984662
847190198
847249671
847332155
847435705
847520687
847704563
847731301
847835825
848012208
848026020
848115354
848343008
848489390
848549332
848657308
848786118
848799925
848974198
849007163
849037766
849053273
849107596
849132583
849233928
849304968
849308521
849310649
849474824
849480440
849652464
849687891
850044876
850077289
850129423
850278116
850435267
850508974
850542337
850640345
850686236
850722106
850745779
850765437
850978927
851159211
851236512
851258139
851339312
851506534
851539078
851693860
851756822
851814443
851867752
851901888
852081481
852198892
852251619
852315294
852346421
852704196
852734571
852892525
852898499
853151487
853182254
853209135
853369603
853486634
853489470
853527484
853539980
853686594
853888489
853895656
853937565
854060431
854313719
854340193
854341242
854402717
854408399
854488442
854636949
854682064
854773297
854859693
854957501
855226802
855430276
855710343
855801591
855832366
856067022
856243046
856266235
856314759
856463031
856475359
856596583
856634918
856639790
856879865
856904312
856919526
857099182
857305524
857691968
858080677
858161711
858489906
858728655
858857210
858860298
858904236
859039565
859365696
859385870
859537910
859552484
859713146
859715606
859771184
859773561
859827854
859856634
860012135
860093920
860359201
860593028
860862580
860872792
860956955
861161065
861181370
861210997
861273305
861405362
861652518
861839705
861857185
861913285
861953795
862493429
862652713
862856441
862971324
862978206
863051340
863157126
863158555
863688758
863698079
863745570
863760782
864143758
864165123
864360933
864366636
864374539
864479271
864528097
864679178
864921940
865122270
865305491
865396588
865425020
865460923
865635069
865829378
866049033
866178840
866243299
866340208
866350771
866462449
866921554
867132531
867222668
867271049
867571452
867721670
867775714
867899071
867973738
868081615
868119813
868215757
868392828
868546021
868821550
868943753
869393212
869421803
869422542
869427355
869970573
869997160
870034188
870036872
870055066
870109602
870218017
870314448
870381566
870397341
870432893
870514717
870649818
870705874
870721216
870773449
871135593
871142697
871167091
871454048
871700776
871746258
871762994
872094338
872127810
872140948
872187921
872557650
872711024
872730588
872817158
872842727
872941929
873052134
873059057
873112966
873161733
873297076
873333031
873585143
873596599
873618390
873650799
873948501
873950558
873980067
874262368
874396968
874452959
874458870
874536305
874545409
874719834
874816676
874825688
875043032
875048266
875421095
875756561
875990801
876218161
876317505
876676062
876690265
876736817
877045393
877157878
877345648
877378578
877452915
877537025
877604880
877724733
877834620
877873097
877980674
878034445
878264649
878285421
878316657
878362408
878497670
878558415
878660632
878808447
879114467
879278048
879306786
879340796
879435499
879453269
879674003
879884508
879980272
879994607
880006508
880190563
880441298
880517637
880547807
880784482
881083831
881083852
881376210
881622555
881622997
881955903
881980251
882173052
882375700
882476146
882479721
882797357
883046440
883088539
883184454
883241207
883258580
883527339
883577853
883733555
883846582
884136991
884252524
884271016
884361671
884408213
884471764
884497044
884577097
884799382
884819352
885011320
885258239
885329806
885340691
885409878
885467144
885492634
885580871
885822069
885867845
886126478
886437147
886557483
886611185
886710645
886922782
887248183
887389909
887701953
887718463
887827546
887880759
887888431
887925189
887964762
888022609
888068301
888074201
888521525
888550616
888715194
888804790
888874482
889140177
889330880
889372516
889409476
889428870
889584032
889640925
889663236
889696767
890014195
890401532
890439073
890461085
890529548
890580816
890782497
890795454
890875616
891035875
891210342
891335039
891417860
891418296
891420346
891437355
891500753
891542876
891560235
891662018
891872518
891951083
891980827
891995498
892052795
892056874
892110585
892279512
892682220
892809606
892818828
892823387
892883854
892996258
893056298
893095497
893202724
893366550
893664423
893679765
893743406
893898710
893984931
894047665
894086425
894204542
894410435
894439217
894485192
894494304
894552475
894680962
895088920
895145910
895252658
895362431
895463754
895473927
895567488
895838125
895954378
896038005
896040156
896157766
896184183
896470423
896482621
896699885
896760050
896933967
897013813
897071672
897088065
897094892
897293901
897513376
897555879
897726803
897837946
898174444
898351489
898494383
898566465
898595600
898598662
898607931
898740977
898774531
898817554
898825421
898935255
898991925
899212716
899362177
899418945
899431421
899637116
899646910
899868918
899955692
900007023
900034038
900300019
900385561
900527273
900700554
900737503
900830357
901008853
901026611
901137726
901153124
901258876
901380173
901392813
901412353
901445377
901576087
901689383
901708449
901826426
901869490
901958274
902004785
902393476
902450027
902590055
902618525
902845736
902905259
903064360
903368145
903580463
903751906
903776414
903982138
904053683
904161311
904172749
904190216
904270260
904318852
904360043
904396019
904398652
904565994
904728211
904788761
905025541
905097737
905131784
905188273
905205653
905269927
905594563
905608380
905774290
905890379
905901359
905955999
905992115
906065652
906303324
906436888
906461742
906626705
906916466
907159243
907357889
907405183
907527160
907550001
907612640
907656838
907669002
907782026
907895761
908176301
908185740
908309587
908578535
908824255
908825757
908921523
908954179
908958650
909013641
909496388
909674939
910043219
910059729
910076833
910096137
910336645
910373715
910517986
910758930
910808231
910810367
910905595
910984149
911098249
911409376
911453978
911822651
911838619
911852901
911879947
911960914
911976654
912094121
912206321
912220315
912415184
912521021
912607885
912652629
912700049
912799215
912811751
912817547
912909149
912943011
912958093
912974719
913121721
913138008
913231119
913317073
913462732
913518028
913615574
913840644
913855627
913878734
913934796
914011736
914385585
914394022
914431885
914530407
914665080
914670012
914770171
914778830
914907261
914944093
915142288
915399422
915632973
915846615
915966360
916041596
916145490
916243561
916266719
916321525
916416407
916518504
916630201
916679509
916769473
917357738
917450725
917559239
917723401
917748910
917761902
917860146
917965771
918095956
918113427
918114377
918173589
918189275
918399128
918400485
918584157
918778645
919028215
919060335
919350638
919355812
919367046
919436345
919473943
919581632
919721661
919772420
919885773
919904058
919978657
920049234
920110437
920168205
920524987
920576209
920592997
920667681
920686261
920794011
920809204
920869637
921202840
921264021
921273064
921288372
921574773
921603813
921669520
921729564
922133495
922159422
922191310
922201791
922753658
923109222
923183823
923256531
923462747
923507819
923527989
923604613
923734355
923735540
923832143
923857768
923896149
924149726
924235949
924320097
924354111
924478740
924576279
924589976
924813705
924873043
925075845
925164045
925255803
925282496
925404593
925449523
925449963
925625282
925675073
925830136
925857055
925894164
925960501
926042683
926146385
926196776
926395807
926552711
926749405
926897619
926931899
927009276
927021791
927056777
927157255
927334875
927361613
927455882
927504813
927679562
927736774
927744396
927921578
927954424
928160890
928387652
928455680
928507559
928522963
928631230
928918176
929201483
929243941
929290127
929459868
929484277
929484972
929623422
929629184
929702010
929737479
929836421
929923845
929967936
929968038
930328185
930423641
930459748
930511880
930522869
930528731
930583731
930791826
930806187
930868454
930952798
930972494
931031812
931114368
931144517
931463944
931558378
931792289
931829376
932002380
932023583
932084042
932136514
932273627
932354945
932408499
932695453
932720020
932755173
932759692
932814591
932889770
932921251
933037542
933124852
933164543
933624130
933674540
933873646
933884034
933936441
934020820
934168289
934200318
934224003
934234568
934347907
934378883
934527056
934565705
934596889
934783394
934878179
934899244
934927741
935080932
935211326
935243120
935308602
935581762
935766492
935831863
936168316
936172545
936258321
936264162
936438346
936442592
936586109
936670995
936743828
936911579
936926644
937069051
937093721
937144332
937319699
937705581
937739957
937854899
938035861
938059694
938200157
938313533
938331832
938424960
938566231
938819123
938871320
938946091
938989815
939253324
939350353
939386729
939633270
939791379
939826233
939995298
940011337
940114062
940130202
940175777
940470735
940631946
940635743
940647427
941081109
941329660
941396022
941493844
941578567
941667505
941710217
941956887
941982690
941982945
941988900
942042982
942319228
942362903
942406559
942623157
942714111
942887497
943004124
943053578
943062118
943169813
943303244
943405009
943598324
943613729
943719150
944013290
944227864
944242950
944525622
944583292
945471092
945478932
945568676
945622980
945654963
945742695
945961008
946022248
946091204
946130053
946144673
946146541
946357086
946902422
946907709
947109095
947159413
947178102
947210944
947434057
947750785
947769723
948396232
948418795
948704994
948722689
948810250
948946318
948951711
949064150
949097256
949183821
949291569
949401016
949679390
949687005
949880207
950062704
950141441
950141697
950375599
950462682
950529368
950649805
950772043
950827484
950934215
950949660
951069487
951154854
951509852
951732174
951893370
951924667
952004378
952072341
952123246
952544134
952575758
952725173
952748292
952776729
953147527
953176740
953274841
953464656
953468243
953720208
953787261
953889322
953964729
954105635
954190759
954319763
954439949
954465888
954545615
954883042
954941839
954981418
955307582
955487166
955504722
955506133
955742727
955746049
955900166
956154982
956188980
956605653
956625643
956628515
956700007
956706358
956725622
956745830
956750070
957139872
957163858
957178347
957192414
957199944
957547290
957813925
958235042
958323241
958336799
958405397
958687347
958815151
958831323
958839530
958891878
959176726
959530211
959728883
959747651
959847509
959958325
959971371
960126816
960153453
960201077
960289497
960301391
960323949
960386236
960803021
960943232
961160993
961195290
961368568
961445255
961748687
961808075
961924333
962114446
962115427
962153665
962181598
962239046
962355197
962362021
962448780
962643208
962771061
962807819
962883314
963083168
963083196
963106130
963263175
963423388
963562076
963767119
964051414
964303531
964342767
964385637
964431238
964499084
964511425
964520232
964882045
964950573
964990092
965084152
965107512
965220437
965224859
965245274
965260880
965449575
965599023
965638799
965965510
966104670
966107176
966230729
966256869
966321689
966360308
966497924
966549917
966598114
966619806
966716581
966807196
966984241
966996270
967007602
967089129
967322124
967414979
967414996
967593672
967851498
967940984
968195518
968244548
968294026
968570158
968596549
968784698
968786261
969005260
969149428
969213985
969570310
969813674
970066989
970305193
970372884
970692223
970934029
971051389
971206613
971237454
971251318
971296444
971430103
971510502
971568237
971769037
971781346
971790866
971869630
971874989
971903790
972023727
972329628
972374338
972442891
972527680
972539220
972728514
972738716
972783823
972801041
972996647
973015533
973105567
973239004
973485763
973630336
973658367
973736233
973752246
973780075
973912435
974304365
974543993
974568081
974599838
974905784
974915322
974918107
974919739
974923370
975054214
975314883
975325731
975388412
975403005
975429105
975440295
975450372
975607148
975686798
975764391
975818780
976034677
976232952
976268443
976372033
976542219
976600108
976663328
976914049
977020301
977120467
977172662
977209355
977218533
977272426
977512612
977542492
978292593
978418612
978591029
978788669
978869686
978922677
979096966
979099233
979155482
979298677
979309306
979371089
979514882
979532652
979532654
979681762
979896783
979984780
980030597
980321517
980383004
980405729
980512832
980806843
981123616
981331324
981466215
981479067
981503808
981510680
981733828
981851956
982213752
982326244
982344497
982364880
982406071
982557135
982622775
982646616
982689016
982753675
983077086
983471727
983536525
983765092
983778261
983866643
984189848
984419166
984454943
984492298
984546887
984701619
984726486
984870999
984913345
984964949
984976852
985002873
985196631
985325137
985540874
985589327
985644224
985733808
985865360
985993628
986133458
986218898
986405856
986431526
986497217
986631312
986707034
986758729
986785111
986834746
986839304
986842364
987186910
987363425
987369609
987414877
987505815
987507325
987526601
987549977
987676918
987976847
988156393
988188046
988246011
988580348
988714422
988823355
988843787
988974224
988991650
988996259
989045345
989115522
989118106
989189489
989225386
989240862
989409670
989452953
989513730
989555515
989644987
989674104
989861179
989946551
990152112
990160260
990189856
990474151
990638891
990827305
990865545
990869669
990967641
991065964
991259559
991360864
991361179
991372942
991377519
991387245
991401683
991842446
991957318
992237371
992556635
992658939
992753316
992765958
992794388
993073705
993344583
993546794
993584003
993639805
993708880
993862094
994076654
994079907
994105428
994144640
994243700
994282166
994330176
994366020
994455616
994479204
994916150
995092198
995103876
995231022
995286410
995358282
995429102
995480593
995582480
995673327
995702791
995763001
995771664
995777523
995839669
995861793
996063107
996266174
996722542
996933627
997099775
997113718
997355959
997390301
997450930
997565392
997800189
997832531
998024318
998123348
998146416
998182426
998210348
998236398
998269896
998312293
998457269
998485926
998632673
998869198
998893374
998905723
999133430
999162406
999255084
999421275
999496736
999617110
999622395
999667293
999748669
999930998
999993096
1000033827
1000238812
1000275262
1000326132
1000519763
1000562956
1000739049
1000823268
1000863842
1001168675
1001358775
1001522639
1001753990
1001939580
1002242588
1002440076
1002723979
1003000042
1003144471
1003294474
1003381479
1003404726
1003433025
1003462584
1003515668
1003854857
1003855259
1003871659
1003979882
1003987511
1004217487
1004251572
1004301741
1004463880
1004600368
1004634536
1004834708
1005107383
1005203961
1005208875
1005500257
1005511891
1005514793
1005547353
1005664865
1005969531
1006008772
1006284745
1006362709
1006501876
1006539731
1006802515
1006941043
1007080528
1007088378
1007116508
1007119783
1007163736
1007597643
1007658818
1007689555
1007711682
1007764954
1007792687
1007835572
1007868444
1007870984
1007879673
1007880755
1007948811
1007951978
1008082335
1008136683
1008278874
1008506145
1008560793
1008732583
1008902544
1008946334
1009050876
1009226087
1009282815
1009311521
1009322664
1009393574
1009412057
1009626641
1009777742
1009822627
1009908734
1010062250
1010120116
1010126832
1010166005
1010169982
1010874813
1010905759
1010930724
1011022737
1011047811
1011239954
1011352885
1011365118
1011426284
1011499182
1011516627
1011606549
1011692198
1011889779
1011980102
1012142897
1012268329
1012455946
1012546306
1012731988
1012761014
1012814669
1013145806
1013146791
1013234641
1013276940
1013301823
1013330469
1013334262
1013437009
1013475618
1013754642
1013757184
1013855119
1013859132
1014442423
1014466040
1014476087
1014607615
1014999595
1015100083
1015199471
1015225179
1015396127
1015451519
1015494866
1015547835
1015583580
1015586349
1015698774
1015774811
1015852163
1016017776
1016405218
1016508867
1016698370
1016907567
1017059843
1017130930
1017197064
1017200286
1017246720
1017347998
1017813954
1017913704
1017945826
1018067812
1018100975
1018225321
1018358524
1018410884
1018535786
1018586111
1018644726
1018736716
1018742981
1018867871
1019020216
1019029433
1019154714
1019669799
1019827528
1020064847
1020186592
1020229208
1020297708
1020362184
1020378309
1020516488
1020715108
1020922484
1021047702
1021238010
1021253922
1021301759
1021343018
1021375694
1021402457
1021467359
1021505772
1021566142
1021937647
1021943885
1022303269
1022552297
1022731247
1022763424
1022861813
1022868044
1022972463
1023004887
1023166073
1023274934
1023357284
1023724717
1023924194
1024046582
1024048998
1024136245
1024276437
1024381286
1024587586
1024718228
1024729283
1024796954
1025024812
1025156914
1025177184
1025177480
1025209548
1025411130
1025472988
1025503478
1025550295
1025603477
1025656007
1025803450
1025862587
1025980678
1026017739
1026039535
1026070575
1026083604
1026270070
1026359944
1026360569
1026411548
1026599540
1026635813
1026781174
1027078971
1027256216
1027263433
1027402474
1027534569
1027701987
1027881605
1027905611
1028108114
1028154912
1028324254
1028355179
1028419092
1028604697
1028620260
1028754028
1028785910
1028903060
1029009634
1029037098
1029059600
1029307617
1029324179
1029477541
1029751328
1029854084
1030219914
1030224127
1030232926
1030472464
1030487984
1030571468
1031061474
1031393499
1031402681
1031476367
1031514781
1031886298
1031904679
1031993437
1032632898
1032665213
1032965080
1032990361
1033102098
1033211042
1033589008
1033624142
1033756918
1034276124
1034277839
1034512354
1035118183
1035210740
1035450572
1035548999
1035756190
1036087891
1036157290
1036439199
1036490873
1036641798
1036663892
1036800510
1036849240
1036936675
1036957892
1037103121
1037259921
1037359165
1037495440
1038026589
1038185748
1038358878
1038385374
1038512936
1038563225
1038637951
1038645598
1038699029
1038709367
1038780261
1038782632
1038880681
1038900858
1039347396
1039569342
1039570406
1039822094
1040098560
1040307571
1040350586
1040391106
1040524150
1040536741
1040541680
1040611895
1040639188
1040751902
1040788730
1040804567
1040901561
1040987863
1041029273
1041048659
1041160300
1041197963
1041218232
1041553900
1041619790
1041808040
1041869308
1041912246
1042025518
1042065221
1042083012
1042218353
1042294713
1042300538
1042372901
1042526112
1042536787
1042563546
1042571365
1043057484
1043265537
1043300366
1043864751
1044151015
1044151868
1044200615
1044260704
1044288641
1044329346
1044405162
1044453189
1044462222
1044553858
1044674795
1044692664
1044762920
1045047420
1045085383
1045167555
1045253985
1045511812
1045516986
1045540653
1045813960
1045902398
1045943301
1045962519
1046107627
1046126131
1046167843
1046300727
1046417817
1046429875
1046598362
1046672947
1046727190
1046802401
1046827699
1046889893
1046943850
1047095589
1047119097
1047159704
1047300564
1047357306
1047606200
1047644789
1047875516
1047996565
1048030368
1048032889
1048073328
1048177742
1048181294
1048233540
1048946989
1049198559
1049337237
1049351376
1049530399
1049577653
1049675165
1049684891
1049810143
1049884885
1050003958
1050144992
1050171837
1050192481
1050396936
1050431898
1050676320
1050678508
1050758297
1050809006
1050827990
1051053904
1051105872
1051139025
1051213178
1051437130
1051541183
1051549009
1051943898
1051971579
1052142306
1052283734
1052704858
1052879903
1052960715
1053353111
1053633076
1053825178
1054049512
1054289617
1054320591
1054499155
1054626638
1054707488
1054767789
1054868132
1055015921
1055028027
1055231354
1055271257
1055547082
1055552231
1055557945
1055612281
1055670872
1055754053
1055963682
1056164002
1056172811
1056319962
1056358892
1056366869
1056544513
1056604700
1056682383
1056792582
1056910254
1057019266
1057020244
1057107275
1057191087
1057524635
1057862768
1058175396
1058241184
1058303200
1058424608
1058465395
1058603756
1058736423
1058932302
1058976816
1059018032
1059083920
1059431208
1059578004
1059812045
1059840201
1060061614
1060607598
1060756449
1060774055
1060904472
1060929987
1060991389
1061111192
1061319173
1061343152
1061352480
1061462704
1061694871
1061812658
1061835587
1061851829
1061920200
1061932490
1062073952
1062082279
1062219730
1062227416
1062307964
1062365193
1062410928
1062471220
1062518467
1062529075
1062632716
1062800459
1062836570
1063079633
1063265128
1063269810
1063436766
1063445741
1063449930
1063538888
1063894105
1063909321
1064516875
1064519250
1064746681
1065056743
1065107284
1065118813
1065151609
1065169262
1065336629
1065393237
1065506381
1065610276
1065694576
1065706271
1065712847
1065982781
1066081057
1066103249
1066332384
1066391670
1066421762
1066486237
1066668339
1066874785
1066907075
1067050146
1067148757
1067211605
1067562972
1067720970
1067766052
1067925251
1068163532
1068173952
1068568026
1068859988
1068907198
1068944032
1068966456
1068997038
1069141708
1069419174
1069574050
1069639831
1069648206
1069998460
1070093651
1070288299
1070325268
1070508852
1070583362
1070654808
1070778617
1070975648
1071270436
1071299077
1071313956
1071376944
1071390907
1071798532
1071808318
1072071700
1072089125
1072180640
1072228417
1072456795
1072551585
1072596774
1072617357
1073066415
1073159969
1073263320
1073366322
1073400655
1073405429
1073567188
1073619364
1073668695