8307517
8454548
13949589
32285600
32285602
42009850
65840774
98638544
98638545
98638546
98638547
98638548
98638550
98638552
98638553
115416128
115416129
115416130
115416131
115416132
115416138
132193842
132193844
132193845
132193846
132193847
134574848
134574849
148971432
148971433
148971434
148971435
148971436
148971437
148971439
149728933
151352562
151352563
162298204
162298205
165749021
168742696
168742697
182445560
182526598
182526599
216228933
216228936
216228937
216228938
216228941
216228942
216228943
233006646
233006647
233006648
233006649
233006650
233006651
233006652
233006653
233006655
234835283
249784210
249784215
250541734
250541735
250541736
250541737
250541738
250541739
250541740
250541741
250541742
250541743
266333589
266333591
266480654
267319297
267466488
271398372
271833854
283111178
283258337
283949852
285315203
299888893
301021662
301945759
302092918
304953546
316813511
317799345
318870505
321731261
333591226
334429772
334429773
334429775
351354519
352278616
353558544
370336131
384909821
421341316
437593766
438119031
442013043
454371353
458790630
468988678
468988679
485766392
485766393
487779464
487779465
504557178
504557179
505689948
521334766
522320472
522320473
522467535
538112321
539098059
554890036
555037099
555184130
555184131
571667623
572653329
572800392
572800393
588445210
588592369
589430916
589578107
605222797
605369956
605517019
606208631
606355694
612293645
619301936
619301937
622147543
622294606
623133249
628794918
628794919
638925130
639072289
639763805
643930656
655702845
655849876
656688546
656688547
656688549
656688550
656688551
659302790
660708242
660708243
673466138
676080504
676080505
676080506
676080507
676080508
676080509
676080510
676080511
677485830
677485831
689405176
689405178
689405179
690243725
694263544
694263545
695472809
706182765
711041132
712397555
712539896
712539902
714928832
714928833
727818719
729027983
731706544
731706545
731706546
731706548
731706549
731706550
731706551
731706554
731706555
744596402
744596403
761373988
761373989
778151576
778151577
802355328
802355329
802355330
802355331
802355334
813210364
846618475
880320808
897098395
898922776
904503072
904503073
905362152
913875982
922139738
922139739
930653665
932012286
938917326
947431252
949255633
955695009
964208839
966033220
972472596
980986554
982810935
997764141
1021742224
1021742225
1038519811
1071928050
1082867649
1082867652
1082867653
1082867654
1082867655
1155963144
1167777506
1167777507
1167777512
1167777513
1167777514
1167777515
1167777516
1167777517
1167777518
1167777519
1172740859
1189518446
1223073716
1239851303
1256628890
1256628891
1273406477
1319685300
1355168291
1368337068
1385114655
1520149223
1520990628
1520990629
1601015476
1608839793
1608839794
1608839795
1608839796
1608839797
1608839798
1608839799
1608839800
1608839801
1625617379
1631697885
1634570650
1651348237
1724652128
1832723211
1925936066
1938415229
2012080410
2015515602
2025567008
2025567009
2025567016
2025567017
2025567018
2025567019
2025567020
2025567021
2025567022
2032293189
2046275042
2059122183
2059122186
2059122187
2059122188
2059122190
2059122191
2063052628
2063052629
2071442240
2071442241
2071442242
2071442243
2075899872
2075899873
2075899881
2078757696
2088219955
2095535411
2109455042
2109455044
2109455045
2109455046
2109455047
2112312998
2143010348
2143010349
2145868172
2146015331
2162792918
2179570505
2196348220
2205483994
2213125807
2227571808
2227571809
2227571809
2254081489
2268630823
2275351371
2330569108
2351115108
2363849072
2380626659
2384091728
2400869314
2400869315
2401439309
2401447997
2413177339
2414181833
2414612489
2429954926
2430940632
2430940633
2430940636
2430940637
2430940638
2431390207
2434424617
2446879672
2447718218
2447718219
2451349363
2463510196
2467979791
2468126950
2480287783
2480434846
2481273489
2484757474
2484904537
2485051696
2501535061
2501682117
2501682124
2501682125
2501682126
2501682127
2501829283
2518312648
2518459839
2518606870
2531606378
2534395644
2534395646
2534395647
2535090363
2535237394
2535384457
2547545290
2548383965
2552162172
2558327669
2564323005
2568939759
2581328796
2587640919
2598106480
2598106483
2598106487
2602495029
2604418506
2621196221
2624513644
2665363984
2665363986
2665363987
2665363988
2665363991
2665363996
2666202663
2691771146
2691771147
2691771148
2691771149
2691771150
2691771151
2698919283
2698919288
2698919289
2698919290
2698919291
2698919292
2698919293
2698919294
2708548834
2708548835
2715696868
2715696869
2715696873
2715696875
2715696878
2719938361
2719938362
2724855427
2725326416
2725326417
2725326418
2725326420
2725326422
2725326428
2725326429
2726153024
2736715949
2741633139
2741633140
2742930739
2748278224
2748278225
2748278232
2759708326
2765055809
2765055811
2765055814
2765055815
2776485913
2781833526
2787754428
2787754429
2792277763
2793263500
2798611112
2798611113
2798611115
2798611117
2798611119
2800687353
2804532014
2804532015
2810041215
2810188246
2815388701
2817464940
2821309570
2821309571
2826139230
2826818770
2826965833
2838087284
2838087285
2842916913
2843596356
2843596357
2843743548
2848943969
2848943971
2851020210
2867797797
2877298690
2893929246
2894076405
2895209174
2910706929
2911986761
2961318124
2977964436
2994873394
2995874920
3012652507
3029430094
3044780786
3046207777
3062130901
3062985364
3079762951
3096540666
3111891262
3113318253
3145446404
3179001706
3195779293
3224935110
3224935111
3308970332
3308970333
3308970334
3308970335
3314374215
3325747910
3325747911
3325747912
3325747914
3325747916
3325747917
3325747918
3325747919
3343856784
3359303189
3444669593
3451451880
3507042512
3535349220
3568895213
3568904396
3598312599
3602459664
3602459665
3602459666
3602459667
3602459668
3602459669
3602459670
3602459674
3686952464
3703272473
3703272474
3703272475
3703730051
3720507766
3771289605
3787618210
3804395797
3819131032
3857187832
3857187833
3857187834
3857187835
3857187836
3857187837
3976231728
3976231732
3976231733
3976231734
3976231735
4001130512
4001130513
4077044541
4085165734
4088211310
4088211311
4099534728
4099534729
4099534730
4099534731
4099534732
4099534733
4099534734
4099534735
4101943321
4118573845
4185831480
4202609067
4208104100
4208104101
4208104104
4208104105
4208104107
4208104108
4208104109
4208104110
4208104111
4219386654
4236164337
4236311400
4239064897
4241659376
4241659377
4241659378
4241659379
4252941924
4258436965
4266519244
4286497098
4286644257